220.331 -126.778 832
220.331 -126.778 832
219.434 -127.62 832
221.228 -125.937 832
218.536 -128.461 832
222.125 -125.096 832
217.639 -129.303 832
223.022 -124.254 832
216.741 -130.144 832
223.918 -123.413 832
215.844 -130.985 832
224.815 -122.572 832
214.946 -131.827 832
225.711 -121.73 832
214.305 -132.827 833
226.608 -120.889 832
213.919 -133.991 835
227.504 -120.047 832
213.272 -134.996 836
228.126 -119.063 831
212.624 -136.004 837
229.02 -118.222 831
211.973 -137.014 838
230.192 -117.523 832
211.572 -138.19 840
231.087 -116.682 832
210.915 -139.205 841
232.262 -115.98 833
210.257 -140.222 842
233.158 -115.137 833
209.596 -141.241 843
234.055 -114.295 833
165.375 -65.2408 846
165.375 -65.2408 846
164.457 -66.099 846
166.095 -64.3065 845
163.54 -66.9573 846
167.011 -63.4493 845
162.623 -67.8155 846
167.728 -62.5181 844
161.896 -68.755 847
168.642 -61.662 844
160.978 -69.6143 847
169.356 -60.7339 843
160.059 -70.4737 847
170.269 -59.8789 843
159.14 -71.333 847
170.979 -58.9539 842
158.221 -72.1924 847
171.891 -58.0999 842
157.487 -73.138 848
173.008 -57.314 843
156.567 -73.9984 848
173.92 -56.4591 843
155.83 -74.9471 849
174.833 -55.6042 843
155.091 -75.8978 850
175.745 -54.7493 843
154.349 -76.8506 851
176.658 -53.8946 843
153.606 -77.8054 852
177.57 -53.0398 843
152.68 -78.6699 852
178.482 -52.1851 843
165.375 -65.2408 846
165.375 -65.2408 846
164.455 -66.9139 846
166.097 -63.4926 845
163.535 -68.587 846
167.015 -61.8214 845
162.615 -70.26 846
167.735 -60.0791 844
161.887 -72.0181 847
168.251 -58.2715 842
160.965 -73.693 847
169.166 -56.6063 842
160.232 -75.4569 848
169.878 -54.8758 841
159.498 -77.2247 849
170.79 -53.2126 841
158.76 -78.9964 850
171.703 -51.5494 841
158.206 -80.8669 852
172.41 -49.827 840
157.279 -82.5515 852
173.527 -48.2231 841
156.534 -84.3348 853
174.439 -46.56 841
155.97 -86.2229 855
175.767 -45.0037 843
155.22 -88.0161 856
176.891 -43.3882 844
154.648 -89.9178 858
178.016 -41.7687 845
154.071 -91.8274 860
179.354 -40.1928 847
-41.7024 46.4164 761
-41.7024 46.4164 761
-42.5913 44.966 762
-40.8694 47.9257 761
-43.4254 43.4546 762
-40.0363 49.4349 761
-44.2594 41.943 762
-39.1518 50.8769 760
-45.0934 40.4313 762
-38.3198 52.3839 760
-45.9274 38.9196 762
-37.4878 53.8907 760
-46.8226 37.4569 763
-36.7041 55.4703 761
-47.6576 35.943 763
-35.9181 57.0537 762
-48.4925 34.4291 763
-35.13 58.6408 763
-49.392 32.9582 764
-34.3845 60.3107 765
-50.2937 31.4833 765
-33.6347 61.9883 767
-51.3312 30.0827 768
-32.8806 63.6738 769
-52.2393 28.5958 769
-32.1638 65.4517 772
-53.3566 27.2106 773
-31.4403 67.2413 775
-54.6228 25.8757 779
-30.7893 69.2202 780
-56.543 24.7982 794
-30.1658 71.3094 786
