538.441 123.091 170.598 0.249341 -2.73174 -0.971743
536.992 118.116 169.685 0.289943 -2.78095 -1.27319
535.449 110.578 169.228 0.144104 -2.75345 -1.3544
534.88 105.548 169.667 3.10599 -0.427491 1.69428
534.205 101.434 170.987 2.91232 -0.478943 1.74213
532.349 95.5298 170.965 0.137785 -2.73968 -1.24009
531.744 87.9731 171.495 3.10497 -0.395683 1.65717
531.053 81.2531 171.772 3.14091 -0.375583 1.6807
531.099 74.1811 172.167 3.08319 -0.391501 1.56379
530.942 67.3305 172.273 3.13588 -0.402709 1.59574
531.31 60.1003 172.882 3.0368 -0.388575 1.51599
530.214 53.2534 173.882 3.06042 -0.382865 1.74026
529.27 45.9739 174.963 3.04069 -0.348148 1.70582
526.874 38.8908 174.592 0.134456 -2.90352 -1.23648
524.623 31.4366 174.553 0.0927277 -2.85988 -1.26595
524.295 24.0071 173.122 0.203773 -2.83995 -1.52572
521.242 16.9946 174.081 0.0132892 -2.80988 -1.1396
521.189 9.58606 173.273 0.110508 -2.87624 -1.56352
519.815 2.38489 172.586 0.134244 -2.93902 -1.37928
516.443 -3.73618 173.307 0.0164185 -2.90261 -1.05461
516.353 -11.5247 173.981 3.05935 -0.340849 1.58302
516.139 -19.2951 174.344 3.10698 -0.413488 1.60071
514.495 -24.7672 175.488 3.07414 -0.438796 1.88599
513.698 -32.0746 175.245 0.0759208 -2.76866 -1.45423
514.373 -39.7508 174.916 0.00714111 -2.75586 -1.66503
513.637 -47.0948 176.229 3.00716 -0.406951 1.67779
