-47.6966 35.0353 764 
-47.6966 35.0353 764 
-47.6966 35.0353 764 
-47.6966 35.0353 764 
-47.6966 35.0353 764 
-47.6966 35.0353 764 
-47.6966 35.0353 764 
-47.6966 35.0353 764 
-47.6973 34.2 764 
-47.6973 34.2 764 
-47.6973 34.2 764 
-47.6973 34.2 764 
-46.8611 35.8712 764 
-46.0268 35.0365 764 
-46.0268 35.0365 764 
-46.0268 35.0365 764 
-46.0268 35.0365 764 
-46.0268 35.0365 764 
-46.0268 35.0365 764 
-45.2509 35.083 765 
-46.9243 33.4089 765 
-46.9243 33.4089 765 
-46.9243 33.4089 765 
-46.0882 33.4095 765 
-46.0882 33.4095 765 
-46.0882 33.4095 765 
-46.0882 33.4095 765 
-46.0882 33.4095 765 
-46.0882 33.4095 765 
-45.2515 34.2465 765 
-45.2515 34.2465 765 
-45.2515 34.2465 765 
-44.474 33.4543 766 
-44.474 33.4543 766 
-44.474 33.4543 766 
-44.474 33.4543 766 
-44.474 33.4543 766 
-44.474 33.4543 766 
-43.6942 32.6598 767 
-43.6942 32.6598 767 
-43.6942 32.6598 767 
-42.8558 32.6603 767 
-42.8558 32.6603 767 
-42.8558 32.6603 767 
-42.8558 32.6603 767 
-41.1251 32.6187 766 
-41.1251 32.6187 766 
-40.3408 31.8231 767 
-40.3408 31.8231 767 
-40.3408 31.8231 767 
-40.3408 31.8231 767 
-38.6631 32.6628 767 
-37.8748 31.026 768 
-37.8748 31.026 768 
-37.8748 31.026 768 
-37.8748 31.026 768 
-37.8748 31.026 768 
-37.8748 31.026 768 
-37.8748 31.026 768 
-35.4014 31.0677 769 
-35.4014 31.0677 769 
-35.4014 31.0677 769 
-35.4014 31.0677 769 
-35.4014 31.0677 769 
-35.4014 31.0677 769 
-34.6053 31.1085 770 
-34.6053 31.1085 770 
-34.6053 31.1085 770 
-34.6053 31.1085 770 
-32.9212 31.1093 770 
-32.9212 31.1093 770 
-32.9212 31.1093 770 
-31.2778 30.3071 771 
-31.2778 30.3071 771 
-31.2778 30.3071 771 
-31.2778 30.3071 771 
-29.5915 29.4644 771 
-29.5915 29.4644 771 
-29.5915 29.4644 771 
-29.5915 29.4644 771 
-28.7857 28.6584 772 
-28.7857 28.6584 772 
-28.7857 28.6584 772 
-28.7857 28.6584 772 
-28.7857 28.6584 772 
-26.2862 28.6965 773 
-26.2862 28.6965 773 
-26.2862 28.6965 773 
-26.2862 28.6965 773 
-24.5945 29.5427 773 
-24.5945 29.5427 773 
-24.5945 29.5427 773 
-23.7801 27.8877 774 
-23.7801 27.8877 774 
-22.0862 28.735 774 
-22.0862 28.735 774 
-22.0862 28.735 774 
-22.0862 28.735 774 
-22.0862 28.735 774 
-22.0862 28.735 774 
-18.7472 27.9611 776 
-18.7472 27.9611 776 
-18.7472 27.9611 776 
-18.7472 27.9611 776 
-18.7472 27.9611 776 
-18.7472 27.9611 776 
-14.5204 26.2977 777 
-14.5204 26.2977 777 
-14.5204 26.2977 777 
-14.5204 26.2977 777 
-14.5204 26.2977 777 
-14.5204 26.2977 777 
-12.0004 24.661 779 
-12.0004 24.661 779 
-12.0004 24.661 779 
-11.1334 26.3321 778 
-8.60126 23.8395 780 
-8.60126 23.8395 780 
-8.60126 23.8395 780 
-8.60126 23.8395 780 
-6.89378 24.6932 780 
-6.89378 24.6932 780 
-4.34392 22.1894 782 
-4.34392 22.1894 782 
-4.34392 22.1894 782 
-4.34392 22.1894 782 
-1.7784 22.2179 783 
-1.7784 22.2179 783 
-1.7784 22.2179 783 
-1.7784 22.2179 783 
-1.7784 22.2179 783 
2.51321 20.5564 785 
2.51321 20.5564 785 
2.51321 20.5564 785 
2.51321 20.5564 785 
2.51321 20.5564 785 
2.51321 20.5564 785 
5.96545 17.1632 787 
5.96545 17.1632 787 
5.96545 17.1632 787 
5.96545 17.1632 787 
5.96545 17.1632 787 
8.54976 17.163 787 
8.54976 17.163 787 
10.2857 15.4597 788 
10.2857 15.4597 788 
10.2857 15.4597 788 
10.2857 15.4597 788 
10.2857 15.4597 788 
13.7708 12.9045 790 
13.7708 12.9045 790 
15.5 14.6338 790 
15.5 14.6338 790 
15.5 14.6338 790 
19.0069 11.2028 792 
19.0069 11.2028 792 
19.0069 11.2028 792 
19.0069 11.2028 792 
19.0069 11.2028 792 
21.6346 10.3487 793 
21.6346 10.3487 793 
21.6346 10.3487 793 
21.6346 10.3487 793 
23.3998 9.49242 794 
23.3998 9.49242 794 
23.3998 9.49242 794 
26.9432 7.77334 796 
26.9432 7.77334 796 
26.9432 7.77334 796 
26.9432 7.77334 796 
28.7213 6.91051 797 
28.7213 6.91051 797 
28.7213 6.91051 797 
28.7213 6.91051 797 
31.3769 5.17195 798 
31.3769 5.17195 798 
31.3769 5.17195 798 
31.3769 5.17195 798 
31.3769 5.17195 798 
35.742 6.04493 798 
35.742 6.04493 798 
35.742 6.04493 798 
39.3323 2.5573 800 
39.3323 2.5573 800 
39.3323 2.5573 800 
39.3323 2.5573 800 
39.3323 2.5573 800 
39.3323 2.5573 800 
39.3323 2.5573 800 
44.5819 1.68131 800 
44.5819 1.68131 800 
44.5819 1.68131 800 
44.5819 1.68131 800 
48.2013 -1.82548 802 
48.2013 -1.82548 802 
48.2013 -1.82548 802 
48.2013 -1.82548 802 
48.2013 -1.82548 802 
48.2013 -1.82548 802 
52.5851 -2.7032 802 
52.5851 -2.7032 802 
52.5851 -2.7032 802 
52.5851 -2.7032 802 
52.5851 -2.7032 802 
52.5851 -2.7032 802 
52.5851 -2.7032 802 
57.1099 -3.58971 804 
57.1099 -3.58971 804 
57.1099 -3.58971 804 
57.1099 -3.58971 804 
57.1099 -3.58971 804 
60.6992 -7.11713 805 
60.6992 -7.11713 805 
60.6992 -7.11713 805 
60.6992 -7.11713 805 
60.6992 -7.11713 805 
60.6992 -7.11713 805 
66.9375 -8.88885 806 
66.9375 -8.88885 806 
66.9375 -8.88885 806 
66.9375 -8.88885 806 
66.9375 -8.88885 806 
66.9375 -8.88885 806 
66.9375 -8.88885 806 
70.5451 -10.6648 807 
70.5451 -10.6648 807 
70.5451 -10.6648 807 
70.5451 -10.6648 807 
70.5451 -10.6648 807 
74.9497 -11.5466 807 
74.9497 -11.5466 807 
74.9497 -11.5466 807 
74.9497 -11.5466 807 
74.9497 -11.5466 807 
74.9497 -11.5466 807 
79.647 -15.1317 810 
79.647 -15.1317 810 
79.647 -15.1317 810 
83.2842 -15.1492 811 
83.2842 -15.1492 811 
83.2842 -15.1492 811 
83.2842 -15.1492 811 
83.2842 -15.1492 811 
83.2842 -15.1492 811 
83.2842 -15.1492 811 
86.1487 -17.8522 813 
86.1487 -17.8522 813 
86.1487 -17.8522 813 
90.6924 -16.9823 814 
90.6924 -16.9823 814 
90.6924 -16.9823 814 
90.6924 -16.9823 814 
90.6924 -16.9823 814 
90.6924 -16.9823 814 
94.5867 -20.6154 817 
94.5867 -20.6154 817 
94.5867 -20.6154 817 
94.5867 -20.6154 817 
94.5867 -20.6154 817 
94.5867 -20.6154 817 
97.4931 -24.2444 819 
97.4931 -24.2444 819 
97.4931 -24.2444 819 
97.4931 -24.2444 819 
97.4931 -24.2444 819 
102.078 -23.375 820 
102.078 -23.375 820 
102.078 -23.375 820 
102.078 -23.375 820 
102.078 -23.375 820 
105.01 -26.1243 822 
105.01 -26.1243 822 
105.01 -26.1243 822 
105.01 -26.1243 822 
105.01 -26.1243 822 
105.01 -26.1243 822 
105.01 -26.1243 822 
107.057 -29.787 824 
107.057 -29.787 824 
107.057 -29.787 824 
107.057 -29.787 824 
111.675 -29.8189 825 
111.675 -29.8189 825 
111.675 -29.8189 825 
111.675 -29.8189 825 
111.675 -29.8189 825 
111.675 -29.8189 825 
115.543 -30.7908 827 
115.543 -30.7908 827 
115.543 -30.7908 827 
115.543 -30.7908 827 
118.381 -33.5374 828 
118.381 -33.5374 828 
118.381 -33.5374 828 
118.381 -33.5374 828 
119.282 -32.6324 828 
119.282 -32.6324 828 
119.282 -32.6324 828 
122.126 -35.3837 829 
122.126 -35.3837 829 
122.126 -35.3837 829 
122.126 -35.3837 829 
122.126 -35.3837 829 
123.929 -34.4765 829 
124.224 -37.2808 831 
124.224 -37.2808 831 
126.935 -35.4634 831 
126.935 -35.4634 831 
126.935 -35.4634 831 
126.935 -35.4634 831 
128.14 -39.1838 833 
128.14 -39.1838 833 
131.761 -37.3608 833 
131.761 -37.3608 833 
131.761 -37.3608 833 
131.761 -37.3608 833 
131.761 -37.3608 833 
131.761 -37.3608 833 
135.537 -39.2203 834 
135.537 -39.2203 834 
135.537 -39.2203 834 
135.537 -39.2203 834 
135.537 -39.2203 834 
135.537 -39.2203 834 
135.537 -39.2203 834 
140.225 -41.9926 835 
140.225 -41.9926 835 
140.225 -41.9926 835 
140.225 -41.9926 835 
140.225 -41.9926 835 
140.225 -41.9926 835 
142.031 -44.7213 835 
142.939 -42.8987 835 
142.939 -42.8987 835 
142.939 -42.8987 835 
142.939 -42.8987 835 
142.939 -42.8987 835 
142.939 -42.8987 835 
145.653 -43.8044 835 
145.653 -43.8044 835 
145.653 -43.8044 835 
145.653 -43.8044 835 
145.653 -43.8044 835 
145.653 -43.8044 835 
145.653 -43.8044 835 
146.556 -44.7132 835 
146.556 -44.7132 835 
146.556 -44.7132 835 
146.556 -44.7132 835 
146.556 -44.7132 835 
146.556 -44.7132 835 
148.369 -42.8893 835 
148.369 -42.8893 835 
148.54 -46.5861 836 
148.54 -46.5861 836 
151.26 -44.7584 836 
151.26 -44.7584 836 
151.26 -44.7584 836 
151.26 -44.7584 836 
151.26 -44.7584 836 
151.26 -44.7584 836 
151.26 -44.7584 836 
153.251 -46.633 837 
153.251 -46.633 837 
153.251 -46.633 837 
153.251 -46.633 837 
153.251 -46.633 837 
155.974 -43.8913 837 
155.974 -43.8913 837 
155.974 -43.8913 837 
156.154 -47.5965 838 
156.154 -47.5965 838 
156.154 -47.5965 838 
158.156 -47.6496 839 
158.156 -47.6496 839 
158.156 -47.6496 839 
158.156 -47.6496 839 
159.781 -47.5891 838 
159.781 -47.5891 838 
159.781 -47.5891 838 
159.781 -47.5891 838 
162.698 -45.8123 839 
162.698 -45.8123 839 
162.698 -45.8123 839 
162.698 -45.8123 839 
162.698 -45.8123 839 
164.509 -47.6364 839 
164.509 -47.6364 839 
164.509 -47.6364 839 
164.509 -47.6364 839 
164.509 -47.6364 839 
166.321 -48.5464 839 
166.321 -48.5464 839 
166.321 -48.5464 839 
166.321 -48.5464 839 
166.321 -48.5464 839 
166.321 -48.5464 839 
166.321 -48.5464 839 
166.321 -48.5464 839 
166.321 -48.5464 839 
166.321 -48.5464 839 
166.321 -48.5464 839 
166.321 -48.5464 839 
168.341 -45.8559 840 
168.341 -45.8559 840 
168.341 -45.8559 840 
168.341 -45.8559 840 
168.339 -46.7707 840 
168.339 -46.7707 840 
168.339 -46.7707 840 
168.339 -46.7707 840 
168.339 -46.7707 840 
168.339 -46.7707 840 
169.243 -48.5984 840 
169.243 -48.5984 840 
169.243 -48.5984 840 
169.243 -48.5984 840 
169.243 -48.5984 840 
169.243 -48.5984 840 
169.243 -48.5984 840 
169.243 -48.5984 840 
169.243 -48.5984 840 
169.243 -48.5984 840 
169.243 -48.5984 840 
169.243 -48.5984 840 
169.243 -48.5984 840 
171.056 -49.509 840 
171.056 -49.509 840 
171.056 -49.509 840 
171.056 -49.509 840 
171.056 -49.509 840 
171.056 -49.509 840 
171.056 -49.509 840 
171.966 -48.5924 840 
171.966 -48.5924 840 
171.966 -48.5924 840 
171.966 -48.5924 840 
171.966 -48.5924 840 
171.966 -48.5924 840 
