195.56 -42.2197 860 
195.56 -42.2197 860 
195.56 -42.2197 860 
195.56 -42.2197 860 
195.56 -42.2197 860 
195.56 -42.2197 860 
193.95 -43.9393 857 
196.485 -43.1536 860 
196.485 -43.1536 860 
196.485 -43.1536 860 
196.485 -43.1536 860 
196.024 -44.9202 858 
196.024 -44.9202 858 
196.024 -44.9202 858 
196.024 -44.9202 858 
196.024 -44.9202 858 
198.333 -45.0209 860 
198.333 -45.0209 860 
198.333 -45.0209 860 
198.333 -45.0209 860 
198.333 -45.0209 860 
198.333 -45.0209 860 
200.886 -44.2352 863 
200.886 -44.2352 863 
200.416 -46.0058 861 
200.416 -46.0058 861 
200.416 -46.0058 861 
200.416 -46.0058 861 
200.416 -46.0058 861 
203.212 -45.2746 865 
203.212 -45.2746 865 
202.266 -47.8744 861 
202.266 -47.8744 861 
202.266 -47.8744 861 
205.763 -47.0952 864 
205.763 -47.0952 864 
205.763 -47.0952 864 
205.763 -47.0952 864 
205.763 -47.0952 864 
206.449 -48.9153 863 
206.449 -48.9153 863 
206.449 -48.9153 863 
206.449 -48.9153 863 
205.966 -50.6741 861 
205.966 -50.6741 861 
208.055 -52.6024 862 
208.055 -52.6024 862 
208.055 -52.6024 862 
208.055 -52.6024 862 
208.055 -52.6024 862 
208.055 -52.6024 862 
210.337 -56.2117 860 
210.337 -56.2117 860 
210.337 -56.2117 860 
210.337 -56.2117 860 
210.337 -56.2117 860 
210.337 -56.2117 860 
213.102 -59.007 860 
213.102 -59.007 860 
213.102 -59.007 860 
213.102 -59.007 860 
213.102 -59.007 860 
213.102 -59.007 860 
215.865 -61.801 860 
215.865 -61.801 860 
215.865 -61.801 860 
215.865 -61.801 860 
215.865 -61.801 860 
216.024 -64.3746 857 
216.024 -64.3746 857 
216.024 -64.3746 857 
216.024 -64.3746 857 
216.024 -64.3746 857 
216.024 -64.3746 857 
219.696 -67.1536 857 
219.696 -67.1536 857 
219.696 -67.1536 857 
219.696 -67.1536 857 
219.696 -67.1536 857 
219.696 -67.1536 857 
219.696 -67.1536 857 
220.485 -71.4629 853 
220.485 -71.4629 853 
220.485 -71.4629 853 
220.485 -71.4629 853 
220.485 -71.4629 853 
225.317 -73.3824 854 
225.317 -73.3824 854 
225.317 -73.3824 854 
225.317 -73.3824 854 
225.317 -73.3824 854 
227.519 -75.9721 852 
227.519 -75.9721 852 
227.519 -75.9721 852 
227.519 -75.9721 852 
227.519 -75.9721 852 
227.519 -75.9721 852 
227.519 -75.9721 852 
227.519 -75.9721 852 
228.792 -79.4731 850 
228.792 -79.4731 850 
228.792 -79.4731 850 
228.792 -79.4731 850 
228.792 -79.4731 850 
228.792 -79.4731 850 
232.065 -80.5719 852 
232.065 -80.5719 852 
230.33 -82.1329 849 
230.33 -82.1329 849 
230.33 -82.1329 849 
233.604 -83.2364 851 
233.604 -83.2364 851 
233.604 -83.2364 851 
234.856 -86.7122 849 
234.856 -86.7122 849 
234.856 -86.7122 849 
234.856 -86.7122 849 
234.856 -86.7122 849 
234.856 -86.7122 849 
233.387 -88.3475 847 
235.474 -89.3615 848 
235.474 -89.3615 848 
235.474 -89.3615 848 
235.474 -89.3615 848 
235.474 -89.3615 848 
235.474 -89.3615 848 
238.473 -90.3729 849 
238.473 -90.3729 849 
238.473 -90.3729 849 
238.473 -90.3729 849 
237.902 -91.9945 847 
237.902 -91.9945 847 
237.902 -91.9945 847 
241.802 -93.9206 848 
241.802 -93.9206 848 
241.802 -93.9206 848 
241.802 -93.9206 848 
241.802 -93.9206 848 
241.802 -93.9206 848 
242.413 -95.6387 847 
242.413 -95.6387 847 
242.413 -95.6387 847 
245.414 -96.6547 848 
245.414 -96.6547 848 
245.414 -96.6547 848 
245.414 -96.6547 848 
245.414 -96.6547 848 
245.414 -96.6547 848 
244.821 -99.1729 846 
244.821 -99.1729 846 
244.821 -99.1729 846 
244.821 -99.1729 846 
244.821 -99.1729 846 
246.015 -99.285 847 
246.015 -99.285 847 
246.015 -99.285 847 
246.015 -99.285 847 
245.72 -100.083 846 
245.72 -100.083 846 
245.72 -100.083 846 
245.72 -100.083 846 
245.72 -100.083 846 
246.619 -100.993 846 
246.619 -100.993 846 
246.619 -100.993 846 
246.619 -100.993 846 
246.619 -100.993 846 
246.619 -100.993 846 
247.225 -101.783 845 
247.225 -101.783 845 
247.225 -101.783 845 
247.225 -101.783 845 
247.225 -101.783 845 
248.122 -102.691 845 
248.122 -102.691 845 
248.122 -102.691 845 
248.122 -102.691 845 
248.122 -102.691 845 
249.02 -103.6 845 
