216.658 -108.473 832
222.014 -107.542 832
216.371 -112.839 831
225.815 -99.899 836
230.842 -100.113 838
226.419 -103.39 835
227.026 -105.969 834
214.561 -117.346 831
219.027 -115.52 831
213.904 -121.092 832
232.056 -104.388 836
225.569 -109.321 832
224.386 -112.791 831
200.123 -116.056 834
198.552 -118.918 835
197.675 -115.307 835
211.322 -104.9 832
210.444 -102.202 832
215.176 -100.496 833
196.098 -118.171 836
196.987 -119.976 836
207.1 -105.953 833
208.618 -109.42 832
204.395 -109.577 833
206.472 -102.471 834
200.815 -109.597 833
202.585 -113.196 833
213.083 -109.395 832
216.05 -104.099 833
219.911 -99.6891 834
203.703 -116.938 834
208.848 -113.159 833
224.31 -96.4026 837
207.037 -116.776 833
208.57 -117.525 832
204.577 -120.543 834
223.699 -92.8914 838
228.728 -94.0001 840
211.243 -118.409 832
208.798 -121.271 833
234.105 -97.6097 840
234.71 -100.213 839
191.008 -103.832 837
194.379 -103.689 836
193.461 -107.319 836
196.827 -106.266 835
196.851 -101.741 835
199.54 -102.632 835
200.179 -106.12 834
203.784 -102.486 834
198.366 -109.744 834
195.012 -109.895 835
196.793 -112.599 835
192.772 -111.08 837
206.761 -94.4493 835
210.992 -94.3139 834
206.491 -98.8563 834
190.71 -118.773 840
189.826 -115.139 840
192.972 -116.66 838
199.248 -112.449 834
219.847 -91.8916 837
223.08 -90.2795 839
231.36 -92.5005 843
232.598 -95.004 841
204.555 -124.152 834
207.004 -122.184 833
206.576 -126.998 835
208.776 -124.875 833
207.887 -123.98 833
239.134 -94.5125 845
239.74 -97.1366 844
236.755 -96.1235 843
204.187 -130.507 840
205.74 -131.247 839
204.655 -133.549 842
209.009 -127.73 834
210.564 -124.864 833
235.316 -101.902 838
235.025 -103.592 837
204.217 -136.609 844
205.548 -135.363 842
238.29 -102.008 839
237.099 -103.705 838
229.111 -112.899 832
229.403 -110.332 833
233.829 -107.091 836
223.48 -115.492 831
224.623 -118.325 832
218.365 -121.063 832
240.37 -108.086 837
242.748 -106.52 839
230.875 -115.586 832
233.533 -109.672 835
236.202 -111.461 835
225.502 -120.118 832
211.509 -135.414 837
221.017 -124.643 832
219.24 -123.756 832
194.42 -95.5302 836
195.348 -89.1768 836
197.127 -93.7036 836
198.946 -89.1606 836
199.824 -93.6908 836
202.784 -89.2507 837
203.167 -95.3723 835
207.026 -90.9366 836
240.661 -101.331 841
237.685 -100.317 840
240.958 -99.63 842
208.351 -129.695 835
207.704 -129.856 836
203.11 -138.937 847
205.584 -140.583 846
203.571 -142.017 849
202.206 -138.028 847
210.54 -128.466 833
209.236 -131.494 835
213.887 -123.791 832
208.648 -137.74 840
207.11 -135.19 841
208.419 -134.856 839
214.768 -125.584 832
207.344 -137.17 842
206.017 -138.42 844
206.917 -139.326 844
240.37 -102.12 840
240.068 -104.721 839
212.316 -130.255 833
208.235 -138.983 842
207.811 -141.143 844
210.207 -136.657 839
188.922 -60.6487 843
191.641 -62.4737 843
187.779 -64.2417 842
188.211 -72.304 840
187.541 -68.7368 841
190.933 -70.4687 840
184.142 -66.0842 842
197.264 -70.4464 840
193.883 -68.7154 841
196.84 -66.9579 842
192.109 -58.0281 845
194.835 -59.8577 845
204.704 -59.403 852
201.003 -60.0539 848
201.723 -57.4914 851
194.313 -72.1952 839
204.888 -61.9587 849
200.278 -64.4329 845
189.772 -78.5922 839
188.878 -75.8613 839
192.26 -76.6676 838
200.461 -67.8604 842
194.071 -74.8402 838
197.019 -73.0967 839
190.696 -73.1199 839
204.32 -69.7597 843
208.941 -67.3182 847
208.188 -70.7458 844
199.969 -72.2615 840
200.623 -74.9056 839
200.366 -79.3656 838
204.225 -76.7134 839
200.112 -82.9052 837
196.279 -81.9137 836
198.323 -80.1869 837
196.532 -77.4677 837
197.399 -85.6421 837
193.8 -84.749 837
200.997 -86.5346 837
192.406 -91.8007 835
191.716 -96.45 836
187.641 -101.248 838
186.039 -105.017 839
183.554 -103.334 840
204.604 -84.7024 837
207.29 -87.4143 837
211.785 -87.3936 837
211.262 -90.8064 835
215.375 -88.2844 837
214.203 -91.8083 836
221.562 -86.7542 840
225.695 -87.8563 842
217.065 -84.9536 840
224.173 -84.3142 843
198.106 -122.832 837
195.645 -122.088 838
227.145 -86.2313 844
200.794 -124.626 837
199.227 -125.693 838
235.244 -93.5057 844
231.922 -89.9741 845
230.398 -87.3396 846
235.474 -89.3615 848
240.573 -90.4703 850
237.902 -91.9945 847
241.802 -93.9206 848
242.73 -98.1513 845
198.133 -136.549 849
200.613 -132.983 844
200.398 -136.209 847
243.041 -100.65 843
209.313 -135.756 839
209.719 -134.522 837
245.13 -105.853 841
244.532 -104.163 842
246.025 -102.58 844
246.326 -105.063 842
249.32 -102.807 846
180.518 -63.3482 842
183.466 -61.5815 843
183.24 -64.2557 842
185.512 -58.8953 844
189.38 -57.1168 845
189.838 -53.5669 847
192.801 -54.5454 848
197.152 -53.8032 851
195.304 -57.2367 847
203.358 -55.8349 854
200.371 -53.9224 853
205.241 -53.2959 858
199.007 -51.2645 855
185.281 -62.493 843
184.583 -74.1426 840
207.694 -60.3913 853
208.78 -63.8669 850
187.286 -77.7838 840
188.857 -81.3298 839
213.18 -65.0066 853
208.586 -74.2314 842
213.219 -72.7334 846
216.024 -64.3746 857
217.09 -67.8521 854
193.788 -87.4747 837
189.504 -88.5086 838
181.667 -110.247 844
183.066 -107.237 842
183.269 -110.107 843
208.076 -77.7021 840
212.449 -76.1353 843
210.123 -79.6126 841
216.318 -78.0425 844
215.53 -82.3266 841
188.037 -111.508 840
190.518 -112.27 839
221.373 -77.2909 846
225.531 -78.3782 848
223.815 -80.8537 845
186.656 -114.521 842
187.543 -118.165 842
185.486 -117.685 845
219.669 -80.678 843
221.469 -82.4985 843
218.497 -82.4126 842
228.598 -84.5977 846
244.774 -92.5096 852
245.094 -95.0478 850
247.197 -96.0709 851
245.414 -96.6547 848
199.496 -139.624 851
244.821 -99.1729 846
197.905 -138.879 852
198.131 -139.965 853
245.72 -100.083 846
243.335 -99.8566 844
201.997 -140.36 850
200.634 -141.624 852
245.129 -101.672 844
246.619 -100.993 846
243.643 -102.347 842
247.225 -101.783 845
248.72 -101.102 847
248.122 -102.691 845
250.82 -102.128 848
191.663 -49.1889 851
193.725 -49.2424 852
191.208 -50.9205 849
185.058 -51.6744 846
187.793 -52.5881 846
183.926 -52.535 845
175.276 -62.5225 843
178.225 -59.8339 844
178.004 -63.4316 843
177.995 -66.1826 843
175.257 -68.942 843
178.684 -68.8485 842
177.068 -71.6865 843
181.188 -70.5867 841
174.535 -74.5341 844
177.968 -74.4332 843
177.259 -77.2774 844
181.175 -74.2438 841
183.883 -77.8901 841
185.454 -83.266 840
184.56 -80.5321 840
206.35 -57.7511 855
178.16 -80.0262 844
181.371 -79.8229 842
180.452 -82.5712 842
189.258 -92.9454 837
187.919 -89.5329 839
218.007 -75.5592 847
220.485 -71.4629 853
216.972 -71.2218 850
184.852 -112.705 842
227.519 -75.9721 852
228.792 -79.4731 850
189.341 -120.89 842
232.065 -80.5719 852
230.33 -82.1329 849
231.864 -84.7851 848
233.604 -83.2364 851
234.856 -86.7122 849
194.294 -124.209 840
196.764 -124.952 839
236.611 -84.2449 852
237.231 -86.9078 851
240.185 -85.4551 855
240.241 -87.9196 852
242.006 -87.2987 855
243.251 -89.8569 853
246.555 -91.9051 855
196.538 -138.294 854
196.544 -135.802 850
249.282 -94.6671 855
249.303 -97.0958 852
247.508 -98.596 849
250.209 -98.0126 852
247.508 -98.596 849
249.317 -99.5043 849
202.471 -145.982 856
201.557 -145.063 856
198.076 -149.887 857
250.219 -100.418 849
253.53 -101.559 851
255.341 -100.988 854
186.641 -47.2363 849
188.47 -48.156 849
185.284 -48.9705 847
190.975 -47.3949 852
171.83 -65.3623 844
171.632 -63.4503 843
172.926 -71.8717 845
172.023 -69.1171 845
169.284 -69.1257 845
196.483 -47.607 856
197.17 -49.4092 855
186.655 -54.3667 845
182.789 -56.1484 844
168.752 -74.8208 847
171.294 -74.7232 846
170.573 -77.578 847
201.557 -49.5737 858
209.842 -57.9457 858
178.12 -90.1133 844
182.239 -89.8805 842
180.621 -93.6566 843
178.138 -85.5291 844
182.258 -85.3081 842
182.937 -87.9434 841
185.424 -90.5634 840
208.055 -52.6024 862
211.322 -53.6562 864
210.337 -56.2117 860
213.102 -59.007 860
215.7 -59.2072 863
215.865 -61.801 860
179.87 -105.68 844
181.273 -102.68 842
222.445 -69.9344 857
225.317 -73.3824 854
191.132 -124.526 842
194.064 -127.395 843
198.583 -142.141 855
250.819 -98.8131 851
175.291 -57.0184 843
176.206 -55.1811 843
178.029 -54.259 843
190.508 -44.7205 854
193.494 -45.6973 855
195.793 -45.8001 857
197.868 -46.7829 858
198.79 -47.714 858
200.416 -46.0058 861
202.266 -47.8744 861
204.117 -48.8063 861
205.966 -50.6741 861
212.926 -56.4025 863
212.743 -53.778 866
174.912 -84.827 846
176.519 -87.4739 845
174.89 -90.3421 846
174.155 -96.8923 847
178.303 -96.6432 845
175.053 -100.566 847
181.294 -98.1114 842
176.859 -105.154 847
172.704 -103.581 849
179.37 -108.687 846
218.373 -64.5187 859
225.073 -69.2392 860
221.391 -66.4519 860
229.512 -74.4683 856
189.769 -124.833 844
231.707 -77.9874 854
235.63 -80.8436 855
238.368 -82.6845 855
243.782 -85.742 858
196.099 -129.361 844
193.833 -129.684 846
196.546 -132.413 846
198.351 -129.037 842
195.86 -135.968 851
247.429 -90.3699 858
249.875 -93.0336 857
254.114 -96.0199 859
251.713 -97.3138 854
253.518 -96.7235 857
253.217 -97.5367 856
198.991 -150.806 857
183.238 -49.8375 846
196.024 -44.9202 858
202.24 -51.3774 857
203.212 -45.2746 865
174.929 -80.2295 846
176.537 -82.883 845
172.382 -83.0966 847
172.546 -93.3307 848
170.908 -95.2929 849
218.058 -59.3389 865
220.679 -59.539 868
220.836 -62.1485 865
181.171 -113.265 846
182.567 -112.073 844
220.987 -64.7379 862
223.613 -64.957 865
224.939 -67.6108 863
228.366 -70.3254 862
231.241 -73.794 859
233.443 -77.3284 857
234.267 -75.7341 860
235.275 -78.2498 857
237.94 -78.5159 860
196.986 -140.469 856
196.295 -140.639 857
255.939 -97.8685 859
255.949 -99.3734 856
257.463 -99.6004 858
177.407 -92.9771 845
215.348 -53.9592 869
215.527 -56.5933 866
178.156 -112.765 849
225.988 -66.042 867
185.429 -121.927 849
183.398 -119.037 848
185.855 -124.057 851
187.021 -124.528 848
188.832 -127.271 848
241.04 -82.9663 858
243.726 -83.248 861
254.096 -93.562 862
254.415 -95.2013 860
252.289 -94.1708 859
197.397 -148.215 858
196.716 -146.538 859
199.957 -144.319 857
254.415 -95.2013 860
178.943 -52.4219 843
180.979 -51.5611 844
167.109 -77.6824 848
165.285 -74.9213 848
171.478 -80.3377 847
168.217 -79.6174 849
166.536 -90.8066 850
163.794 -87.1217 850
168.908 -86.8956 848
205.763 -47.0952 864
208.585 -46.3652 868
208.1 -48.1416 866
179.475 -116.716 851
176.948 -113.173 852
194.268 -134.297 852
195.625 -137.377 854
251.051 -91.604 861
248.304 -88.8214 861
255.254 -89.6238 869
254.07 -91.0839 865
251.016 -89.1218 864
198.076 -149.887 857
197.397 -148.215 858
198.076 -149.887 857
200.345 -153.21 855
200.345 -153.21 855
200.345 -153.21 855
196.945 -41.3782 862
196.485 -43.1536 860
195.56 -42.2197 860
164.362 -76.7694 848
164.546 -79.6303 849
165.454 -82.3969 849
166.362 -85.1628 849
163.801 -85.2734 850
167.633 -95.5329 851
169.456 -99.2223 851
212.356 -48.4685 872
210.446 -49.192 868
183.119 -121.308 851
181.3 -118.551 851
191.78 -130.161 849
192.909 -132.148 850
238.774 -77.8543 863
240.053 -80.4656 861
241.459 -78.1171 866
243.945 -80.8273 865
246.932 -81.1929 869
249.421 -83.9079 868
247.629 -84.5591 865
255.909 -92.9468 865
196.032 -144.856 860
257.146 -95.5236 863
259.584 -96.6708 865
260.508 -99.1223 862
161.795 -78.7163 849
198.566 -44.1366 861
199.031 -42.3615 863
199.959 -43.2984 863
202.754 -42.5522 867
202.754 -42.5522 867
170.363 -101.99 851
172.184 -105.677 851
217.713 -55.0247 871
214.912 -52.1928 871
180.801 -119.759 853
183.965 -124.656 855
185.579 -126.35 854
232.325 -72.2655 863
237.938 -72.8373 870
241.372 -76.5076 869
238.964 -75.3992 867
188.794 -129.722 852
234.442 -73.2792 864
191.973 -133.706 854
259.251 -92.5331 870
259.572 -94.1939 868
255.012 -94.49 862
262.63 -94.6182 872
262.337 -96.996 868
161.614 -75.856 848
161.432 -73.0017 847
165.099 -72.0684 847
159.04 -78.7256 849
160.138 -81.5892 850
165.262 -95.769 853
165.802 -93.6914 851
163.053 -90.928 851
168.003 -101.316 853
215.408 -51.3639 873
218.215 -54.2026 873
173.691 -110.678 854
171.338 -108.164 856
175.926 -114.642 856
181.427 -122.036 856
179.801 -120.331 857
223.984 -61.5571 870
226.368 -62.6395 872
225.845 -63.4403 870
228.373 -66.188 869
230.231 -68.0676 869
230.364 -65.5419 873
233.559 -69.1593 871
228.902 -65.3949 871
195.379 -139.719 857
194.684 -139.888 858
196.512 -142.658 858
196.709 -147.466 859
196.026 -145.785 860
196.032 -144.856 860
157.033 -74.0251 848
157.945 -75.8679 848
155.551 -77.9058 850
160.316 -84.4618 851
161.223 -88.1598 851
159.746 -91.156 853
206.72 -45.4255 868
209.308 -45.5784 871
210.971 -44.783 874
212.601 -47.575 873
223.828 -58.9282 873
225.696 -60.8185 873
238.762 -72.1416 873
186.489 -128.194 854
188.533 -131.109 855
252.435 -84.286 872
254.582 -86.2648 873
264.472 -93.9923 875
262.309 -92.9489 874
265.401 -94.9339 875
161.441 -70.2364 847
167.13 -102.85 858
165.831 -98.8955 856
221.277 -56.156 874
220.512 -57.8555 871
186.756 -126.817 851
257.426 -93.157 867
260.452 -91.0669 874
258.65 -93.2596 868
199.496 -40.5775 865
200.658 -41.5648 866
157.743 -83.6443 852
160.294 -95.1983 856
157.526 -92.4179 856
209.551 -44.6826 872
213.783 -48.5774 874
216.842 -51.4792 875
177.456 -117.833 859
174.694 -114.122 859
233.433 -67.5043 874
230.364 -65.5419 873
237.17 -70.3354 874
247.717 -77.9649 875
245.002 -77.7054 872
247.505 -80.436 871
188.742 -133.115 856
185.929 -131.898 860
265.081 -93.2584 877
265.081 -93.2584 877
264.15 -92.3143 877
260.175 -93.4697 870
263.543 -93.0505 875
268.171 -93.674 881
265.691 -92.52 879
268.49 -95.358 879
157.915 -87.4533 853
155.334 -85.7082 854
207.678 -42.79 872
208.614 -43.7363 872
206.265 -42.6937 870
168.24 -105.764 859
166.78 -104.149 861
214.029 -47.6818 875
181.841 -124.18 858
193.074 -138.205 859
194.206 -141.15 860
250.974 -86.6195 867
257.366 -89.0868 873
197.397 -148.215 858
198.991 -150.806 857
153.147 -79.0252 852
202.525 -39.862 870
153.495 -82.9276 854
151.474 -80.9804 853
153.321 -80.9743 853
204.16 -41.7032 869
202.525 -39.862 870
204.868 -39.9501 872
156.219 -92.7489 859
155.684 -89.6328 856
170.281 -108.679 860
222.724 -56.2818 876
223.149 -58.0493 874
182.254 -126.333 860
180.625 -123.692 861
232.095 -65.764 876
253.948 -84.475 874
254.533 -83.7196 876
256.987 -84.853 878
191.453 -137.447 860
191.019 -135.272 858
265.998 -91.6731 880
265.998 -91.6731 880
270.352 -94.7246 882
209.095 -42.8862 874
210.033 -43.8347 874
163.063 -97.0473 856
218.28 -51.5945 877
219.22 -52.545 877
177.145 -118.25 862
226.475 -60.0763 876
185.508 -129.734 858
184.301 -130.198 861
182.667 -128.494 862
193.286 -140.226 860
195.119 -143.003 860
261.956 -88.7339 879
263.519 -91.4743 878
260.122 -89.3838 876
265.691 -92.52 879
266.624 -93.4662 879
151.064 -85.9252 856
148.459 -85.1027 857
149.045 -83.0404 855
160.848 -97.3989 859
172.921 -112.925 864
172.652 -111.206 858
222.548 -54.5674 879
224.175 -56.4076 878
221.1 -54.4458 877
224.6 -58.1793 876
227.412 -61.0246 876
235.842 -68.6025 876
252.028 -80.0277 877
267.544 -91.8767 882
266.607 -90.9271 882
268.784 -92.9314 883
152.914 -86.8499 856
150.656 -88.0985 859
206.279 -40.04 874
204.165 -39.048 873
265.365 -90.8288 881
270.663 -93.8769 883
273.159 -95.0369 885
214.521 -46.8375 877
212.639 -44.9347 877
226.055 -58.3094 878
268.155 -91.1286 884
156.006 -95.0608 863
153.966 -93.0834 862
163.079 -101.952 866
162.519 -100.662 863
164.944 -103.825 866
171.262 -111.188 865
180.322 -124.128 864
179.198 -121.183 863
260.384 -86.9386 880
263.493 -88.9312 881
271.281 -93.1322 885
147.109 -87.2784 860
152.981 -93.6303 867
152.106 -91.2156 862
208.634 -41.0808 876
210.516 -42.9824 876
158.98 -97.9772 864
166.808 -105.698 866
232.095 -65.764 876
239.586 -71.4395 876
269.093 -92.0803 884
269.093 -92.0803 884
206.752 -39.1788 876
156.902 -97.4986 868
212.639 -44.9347 877
210.971 -44.783 874
259.452 -85.0375 880
148.209 -88.3134 861
215.955 -46.9421 879
216.649 -48.7953 878
264.399 -87.3203 884
265.972 -90.0795 883
268.155 -91.1286 884
268.766 -90.3761 886
243.227 -72.6266 879
247.635 -76.3329 878
254.123 -79.4342 881
258.17 -82.374 882
261.284 -84.367 883
269.093 -92.0803 884
269.707 -91.3301 886
269.093 -92.0803 884
270.648 -92.2838 886
148.55 -89.4574 863
208.169 -39.2665 878
205.811 -38.2275 876
211.941 -43.0786 878
213.126 -44.0815 879
221.606 -53.615 879
223.235 -55.4566 878
228.349 -61.9727 876
231.69 -64.0114 878
274.722 -95.2466 887
210.998 -42.1257 878
269.707 -91.3301 886
273.46 -92.5867 889
276.289 -95.4564 889
273.781 -94.2923 887
218.78 -50.7569 879
255.644 -79.6104 883
208.882 -38.4425 881
210.536 -40.3095 880
267.826 -89.422 886
269.707 -91.3301 886
272.533 -93.2326 886
207.226 -38.3131 878
218.336 -48.9597 881
220.916 -52.7223 880
219.973 -51.7686 880
230.074 -62.182 879
233.567 -65.9109 878
269.707 -91.3301 886
269.707 -91.3301 886
237.592 -68.8341 879
240.41 -70.7308 879
214.802 -44.2299 882
215.257 -46.041 880
245.385 -73.6562 880
250.078 -77.4528 880
251.305 -77.5369 881
270.321 -90.5754 888
207.936 -37.4857 881
208.882 -38.4425 881
217.145 -47.9499 880
263.464 -85.4109 884
265.643 -87.4146 885
211.721 -41.3116 881
261.585 -83.5054 884
264.707 -85.5031 885
266.885 -88.4678 886
276.289 -95.4564 889
213.613 -43.2238 881
211.721 -41.3116 881
217.64 -47.1002 882
254.704 -78.6578 883
258.764 -80.6459 884
260.944 -81.6873 885
214.802 -44.2299 882
220.475 -50.9278 882
222.365 -52.8397 882
267.19 -87.6076 887
209.358 -37.5691 883
211.255 -39.4866 883
254.997 -77.7891 884
272.517 -91.6298 889
273.46 -92.5867 889
272.517 -91.6298 889
275.347 -94.5 889
276.289 -95.4564 889
216.94 -46.1959 883
219.082 -48.1656 884
263.767 -84.5494 885
262.826 -83.5956 885
225.887 -56.5977 881
228.716 -59.4597 881
227.773 -58.5058 881
213.393 -41.4504 884
269.074 -89.5183 887
271.263 -91.5315 888
220.029 -49.1242 884
221.42 -51.8838 882
223.31 -53.7954 882
265.952 -85.5953 886
267.19 -87.6076 887
261.885 -82.6415 885
215.291 -43.369 884
249.711 -75.7208 882
254.051 -77.793 884
209.358 -37.5691 883
209.358 -37.5691 883
249.711 -75.7208 882
246.887 -73.8199 882
214.342 -42.4098 884
215.291 -43.369 884
213.393 -41.4504 884
192.085 -113.942 838
183.694 -57.9823 844
196.318 -127.076 841
197.891 -126.913 840
202.181 -133.725 843
201.719 -130.68 841
203.285 -130.513 840
183.572 -99.6887 840
183.593 -95.1308 840
186.07 -98.6468 839
187.675 -93.9741 838
180.434 -87.1448 842
186.123 -86.8079 839
183.865 -82.4588 841
203.686 -43.4933 867
273.46 -92.5867 889
271.899 -92.3832 887
271.263 -91.5315 888
234.368 -65.18 881
237.592 -68.8341 879
237.592 -68.8341 879
243.227 -72.6266 879
231.543 -62.3205 881
233.427 -64.227 881
242.15 -104.835 840
190.311 -108.503 838
187.842 -105.918 839
188.565 -96.6979 838
181.034 -125.849 863
225.372 -57.4239 879
225.372 -57.4239 879
225.372 -57.4239 879
226.995 -59.2601 878
228.873 -61.161 878
228.716 -59.4597 881
225.887 -56.5977 881
207.053 -130.017 837
207.467 -127.895 835
205.973 -133.219 840
180.963 -57.9898 844
180.955 -60.7444 844
215.73 -93.4996 835
202.351 -124.466 836
218.321 -90.1938 838
203.469 -128.231 837
169.292 -66.3674 845
167.656 -69.2132 846
164.915 -68.301 846
166.555 -65.4559 845
168.191 -62.6174 844
172.553 -59.7781 843
174.374 -59.7732 843
212.163 -113.902 832
221.68 -103.291 834
220.83 -111.913 831
229.062 -97.4014 838
232.344 -102.701 837
210.581 -122.161 833
218.12 -118.222 831
229.694 -107.758 834
201.889 -120.559 834
211.61 -98.7099 833
218.403 -96.2002 835
203.764 -106.1 834
206.164 -113.175 833
227.217 -90.4771 841
237.079 -98.6215 841
214.091 -132.043 833
193.498 -100.068 836
198.009 -97.3261 836
203.149 -98.9933 835
194.331 -112.749 836
192.502 -121.492 840
205.262 -129.124 837
242.413 -95.6387 847
239.48 -107.187 837
207.94 -131.821 837
205.147 -142.754 848
249.02 -103.6 845
191.402 -66.0608 842
184.816 -70.5744 841
196.413 -62.5337 844
198.507 -57.3641 849
204.817 -66.2539 845
192.918 -80.2088 837
204.726 -73.244 841
213.08 -68.3863 849
204.868 -80.2567 838
185.342 -107.88 840
210.505 -83.9707 839
200.355 -127.653 839
199.034 -133.153 845
180.507 -67.0113 842
195.324 -51.957 851
208.005 -55.1537 858
212.102 -61.5222 856
190.423 -84.8655 838
219.696 -67.1536 857
222.431 -74.8901 850
227.069 -81.0332 847
183.68 -114.948 845
187.281 -122.252 845
247.17 -93.6417 854
202.922 -144.712 854
188.243 -49.9446 848
194.184 -47.5 854
181.887 -52.4773 844
175.476 -65.3514 844
173.112 -77.4768 846
179.778 -77.1759 843
245.027 -89.2415 856
196.538 -138.294 854
251.398 -95.6944 856
253.225 -99.9578 853
184.37 -48.9726 847
188 -46.4194 851
169.476 -71.9687 846
180.057 -56.1556 844
208.542 -50.8461 864
218.219 -61.9389 862
178.982 -101.105 844
227.3 -71.8609 858
191.797 -127.714 845
192.802 -43.8899 856
198.333 -45.0209 860
202.049 -44.2845 864
212.306 -52.0179 868
172.365 -87.6993 847
171.804 -99.8988 849
175.634 -109.224 850
222.831 -66.6032 862
246.762 -86.1331 862
195.192 -131.82 848
200.345 -153.21 855
168.922 -83.2085 848
169.085 -92.5337 849
217.888 -57.6616 868
223.206 -63.2276 867
181.585 -116.29 848
228.24 -68.6963 865
196.512 -142.658 858
258.373 -98.0863 861
256.229 -94.5947 863
178.474 -117.275 855
194.021 -136.625 855
200.345 -153.21 855
162.896 -81.5795 850
167.094 -98.5411 853
189.923 -131.714 853
205.093 -42.6465 869
169.11 -104.213 854
184.384 -126.804 857
234.335 -71.6564 867
155.908 -80.8701 852
162.503 -93.9265 853
180.21 -122.473 859
195.823 -141.902 859
155.557 -76.0557 850
207.2 -43.638 870
228.759 -63.7259 874
258.26 -87.4963 876
164.739 -101.234 860
263.519 -91.4743 878
158.071 -94.6093 859
215.214 -48.6864 876
175.299 -115.455 862
243.328 -74.2748 876
187.547 -134.523 859
261.984 -91.2706 876
168.477 -107.446 865
206.741 -41.8435 872
153.437 -90.8913 859
230.223 -63.8686 876
256.349 -83.0501 879
267.544 -91.8767 882
220.16 -53.4955 877
264.124 -90.7303 880
267.235 -92.7257 881
225.372 -57.4239 879
204.4 -38.1419 874
213.58 -45.8861 877
227.934 -60.2106 878
155.03 -95.6188 868
160.463 -100.198 867
262.219 -86.2746 883
150.762 -91.5398 865
210.056 -41.1728 878
235.175 -67.7327 877
217.838 -49.8039 879
266.579 -89.3257 885
258.76 -81.6034 884
213.126 -44.0815 879
222.548 -54.5674 879
210.536 -40.3095 880
269.074 -89.5183 887
231.69 -64.0114 878
243.227 -72.6266 879
216.94 -46.1959 883
207.936 -37.4857 881
265.952 -85.5953 886
214.342 -42.4098 884
257.173 -78.828 885
224 -54.689 881
211.255 -39.4866 883
219.082 -48.1656 884
260.296 -80.8242 886
230.601 -61.367 881
222.176 -51.0986 885
256.231 -77.8731 885
264.069 -83.6857 886
235.982 -67.0095 880
231.463 -110.453 834
186.052 -102.287 839
220.03 -85.0424 841
219.764 -85.852 840
233.387 -88.3475 847
238.473 -90.3729 849
246.624 -104.277 843
246.624 -104.277 843
202.681 -54.0439 855
244.526 -99.9698 845
204.032 -57.6213 853
249.006 -97.9026 851
199.725 -140.709 852
233.806 -78.9979 855
207.412 -46.3139 867
210.691 -48.3039 869
211.866 -49.3031 870
240.618 -78.7819 863
163.451 -74.9273 848
215.846 -53.137 871
196.716 -146.538 859
159.782 -74.9392 848
266.624 -93.4662 879
151.471 -81.9086 853
274.404 -93.5434 889
276.289 -95.4564 889
276.289 -95.4564 889
274.404 -93.5434 889
275.347 -94.5 889
273.46 -92.5867 889
271.899 -92.3832 887
201.682 -126.432 837
163.086 -68.3064 846
170.724 -62.5355 843
171.64 -60.6981 843
173.463 -59.7756 843
215.449 -97.9061 834
199.672 -121.769 836
198.894 -100.041 836
199.802 -98.2237 836
192.284 -119.53 839
193.853 -120.284 838
195.215 -115.461 836
204.13 -127.168 836
235.015 -105.403 837
233.829 -107.091 836
211.911 -133.28 835
212.159 -134.343 836
196.206 -98.2416 836
199.811 -96.4107 836
202.649 -135.869 845
208.826 -133.624 837
207.53 -133.049 839
206.635 -132.148 839
207.15 -141.317 845
207.389 -142.398 846
215.907 -127.53 833
216.528 -129.169 832
218.592 -126.612 833
193.222 -64.2245 842
194.365 -62.4653 843
196.887 -59.9231 846
194.065 -76.6607 838
194.727 -78.3837 837
196.525 -79.2855 837
201.916 -81.9891 837
184.45 -105.152 840
207.55 -84.7916 838
207.81 -82.1621 839
218.594 -87.5731 839
195.422 -120.13 837
228.04 -88.0563 844
228.94 -88.9665 844
201.912 -128.396 838
230.466 -90.6788 843
235.811 -91.8951 846
211.022 -132.384 835
244.833 -102.464 843
247.823 -103.482 844
205.678 -55.0301 856
201.962 -56.6329 852
183.008 -68.7519 841
190.441 -80.3155 838
191.104 -82.9429 837
191.998 -84.7568 837
208.069 -79.5254 840
188.731 -108.642 839
219.132 -84.1346 841
213.208 -83.9587 839
223.542 -82.5883 844
225.619 -82.6781 845
226.516 -84.506 845
199.042 -140.88 853
246.015 -99.285 847
202.459 -142.532 852
204.952 -144.184 851
244.526 -99.9698 845
204.278 -144.36 852
247.82 -100.191 847
182.996 -72.4091 841
187.703 -87.6066 838
187.935 -85.8892 839
219.961 -73.1423 851
232.763 -86.6186 848
238.758 -89.5589 850
250.507 -97.2048 853
247.212 -99.3972 848
182.096 -55.2979 845
181.883 -54.3141 844
201.099 -142.879 854
178.235 -56.1604 844
177.319 -57.9997 844
200.886 -44.2352 863
211.814 -52.8392 866
210.885 -51.9004 866
173.612 -105.42 849
235.07 -82.5035 853
236.26 -82.5961 854
245.894 -87.6939 859
206.449 -48.9153 863
206.929 -48.0882 865
173.29 -84.9343 847
171.663 -85.0417 848
182.284 -116.148 847
234.996 -79.0864 856
237.379 -80.1933 858
238.294 -81.1192 858
170.013 -89.7625 849
171.641 -90.5708 848
238.929 -81.9493 857
197.204 -142.486 857
199.041 -143.4 857
199.729 -143.226 856
200.644 -144.145 856
167.839 -73.9025 847
166.93 -72.0626 847
246.808 -88.6196 859
163.448 -75.8499 848
212.8 -50.2465 870
239.417 -78.6945 862
249.47 -86.4241 865
163.077 -71.0685 846
214.226 -50.3597 872
231.554 -69.7857 867
230.628 -68.8484 867
196.038 -143.926 860
157.03 -74.948 848
159.603 -72.0857 847
207.893 -45.4758 869
226.89 -61.8342 874
228.233 -64.5267 872
259.852 -91.8022 872
261.381 -92.008 874
229.431 -64.5975 873
262.309 -92.9489 874
261.381 -92.008 874
266.012 -94.2022 877
267.557 -94.4122 879
264.15 -92.3143 877
155.162 -82.8242 853
154.983 -81.8002 852
258.925 -90.8632 872
205.567 -41.7973 871
230.223 -63.8686 876
255.169 -85.5149 875
251.157 -81.6477 874
163.436 -99.1384 858
195.125 -142.073 860
150.894 -83.9644 855
228.349 -61.9727 876
269.707 -91.3301 886
272.533 -93.2326 886
272.533 -93.2326 886
269.707 -91.3301 886
270.648 -92.2838 886
267.826 -89.422 886
275.347 -94.5 889
276.289 -95.4564 889
270.648 -92.2838 886
271.263 -91.5315 888
246.323 -74.6065 880
224 -54.689 881
258.407 -79.8728 886
236.8 -106.298 837
199.686 -128.719 840
199.917 -129.782 841
203.048 -129.45 839
200.381 -131.914 843
232.867 -71.4946 865
271.899 -92.3832 887
205.92 -128.06 836
189.211 -102.933 837
190.121 -101.114 837
190.13 -99.2979 837
196.213 -58.155 847
179.141 -57.9948 844
180.061 -54.3188 844
248.889 -87.1588 863
201.223 -122.516 835
168.567 -70.1308 846
163.083 -69.2272 846
167.466 -66.3728 845
169.097 -64.452 844
169.818 -60.7031 843
171.441 -58.7933 842
173.471 -57.0232 843
210.102 -66.4736 848
246.015 -99.285 847
179.577 -73.4232 842
183.858 -84.2859 841
203.67 -122.353 834
167.463 -67.2924 845
198.779 -120.87 836
203.244 -125.365 836
196.214 -96.4283 836
194.123 -66.0519 842
168.179 -89.7698 849
213.485 -52.0754 869
245.081 -79.3177 869
268.8 -94.5147 880
222.724 -56.2818 876
226.995 -59.2601 878
162.887 -99.3734 860
265.338 -88.2727 884
240.41 -70.7308 879
185.157 -100.472 839
240.41 -70.7308 879
206.161 -129.118 837
195.332 -92.8052 836
178.377 -118.76 859
193.034 -52.7629 849
210.436 -63.1627 853
165.118 -102.406 862
219.082 -48.1656 884
214.342 -42.4098 884
230.601 -61.367 881
229.658 -60.4134 881
187.127 -131.427 857
201.009 -117.857 834
207.027 -118.579 833
197.62 -52.0745 853
198.991 -150.806 857
168.824 -107.069 862
216.94 -46.1959 883
224 -54.689 881
183.889 -127.105 859
252.961 -80.9737 877
147.448 -88.4192 862
274.404 -93.5434 889
187.34 -132.509 858
197.39 -149.141 858
173.251 -112.529 861
172.326 -111.599 861
201.953 -131.746 842
203.322 -134.79 844
198.076 -149.887 857
219.655 -54.3242 875
256.987 -84.853 878
259.354 -79.8687 886
201.78 -142.705 853
203.696 -86.5226 837
246.998 -82.7849 866
198.991 -150.806 857
235.982 -67.0095 880
249.619 -102.013 847
219.339 -107.557 832
219.323 -110.258 832
216.647 -110.274 832
227.878 -100.009 837
229.381 -102.594 836
226.7 -101.704 836
227.308 -104.289 835
224.964 -106.754 833
224.969 -105.852 833
216.349 -116.436 831
216.338 -118.233 831
213.664 -118.25 831
229.985 -105.177 835
228.807 -106.861 834
225.851 -107.65 833
222.611 -111.903 831
225.559 -111.121 832
221.71 -113.706 831
199.46 -117.105 835
197.665 -117.115 835
199.232 -115.158 834
210.434 -104.004 832
212.495 -100.51 833
213.118 -103.088 832
196.998 -118.166 836
196.992 -119.071 836
196.992 -119.071 836
207.734 -107.623 832
206.185 -109.567 833
206.19 -108.665 833
208.908 -102.334 833
208.898 -104.139 833
207.104 -105.051 833
202.605 -109.587 833
203.49 -111.386 833
202.595 -111.392 833
214.883 -106.682 832
216.668 -106.672 832
213.98 -108.489 832
217.228 -99.7035 834
217.847 -102.286 833
215.166 -102.3 833
201.684 -114.103 833
202.574 -114.999 833
201.916 -116.046 834
208.607 -111.222 832
210.404 -109.41 832
210.394 -111.211 832
222.241 -98.1077 836
225.198 -98.2107 837
222.855 -100.698 835
207.943 -114.968 833
209.474 -115.719 832
207.932 -116.771 833
205.495 -116.927 834
206.132 -118.584 833
204.588 -118.738 834
226.663 -92.9886 839
226.383 -94.6931 838
223.423 -94.594 837
210.356 -117.514 832
210.339 -120.215 832
209.698 -120.365 833
232.641 -99.1964 838
234.715 -99.3049 839
232.636 -100.103 838
213.938 -115.692 832
215.463 -115.542 831
213.664 -118.25 831
192.81 -103.823 837
193.47 -105.507 836
191.895 -106.549 837
196.842 -103.551 835
197.749 -101.736 835
197.735 -104.452 835
199.531 -104.442 835
201.336 -102.623 835
201.08 -105.211 834
199.273 -107.932 834
200.169 -107.927 834
199.263 -109.739 834
195.91 -109.89 835
197.464 -110.652 834
195.905 -110.795 835
194.351 -109.126 836
193.446 -110.037 836
192.782 -109.266 837
209.196 -95.2269 834
209.187 -97.0348 834
206.5 -97.0485 834
204.685 -101.577 834
206.481 -100.664 834
204.68 -102.481 834
189.816 -116.959 840
191.173 -115.762 838
191.391 -117.718 839
198.351 -112.454 834
198.578 -114.397 835
196.788 -113.503 835
221.911 -91.0844 838
223.975 -91.1842 839
221.902 -92.9004 838
231.982 -93.298 842
230.523 -94.9004 840
229.906 -93.1965 841
205.456 -123.244 834
205.45 -124.146 834
204.794 -125.204 835
208.787 -123.073 833
207.882 -124.881 833
207.893 -123.079 833
240.029 -96.3371 845
238.554 -97.0263 843
237.944 -95.3191 844
204.845 -130.346 839
205.077 -132.317 840
204.418 -132.481 841
208.12 -126.835 834
209.67 -124.869 833
209.658 -126.671 833
234.13 -103.597 837
235.03 -102.686 837
233.229 -104.508 837
203.987 -134.625 843
204.649 -134.459 842
204.886 -135.53 843
238.285 -102.916 839
236.203 -103.71 838
237.104 -102.799 838
229.397 -111.233 833
230.576 -109.557 834
223.468 -117.29 831
221.671 -119.996 831
220.792 -118.205 831
232.345 -112.252 834
234.421 -110.57 835
233.232 -113.148 834
227.307 -116.508 832
228.192 -117.402 832
224.617 -119.224 832
221.017 -124.643 832
222.549 -121.787 831
223.708 -121.928 832
194.428 -93.7164 836
195.323 -94.619 836
198.035 -91.8856 836
198.934 -91.8814 836
198.925 -93.6951 836
194.375 -104.596 836
195.279 -103.685 836
200.972 -91.9829 837
203.428 -91.8603 836
201.622 -93.6822 836
204.967 -94.4581 835
205.221 -92.7583 836
206.77 -92.6387 835
239.767 -100.427 841
239.767 -100.427 841
240.958 -99.63 842
236.505 -100.203 839
236.5 -101.111 839
235.321 -100.995 838
207.704 -129.856 836
208.357 -128.792 835
208.357 -128.792 835
204.682 -139.675 846
204.911 -141.67 847
203.344 -140.018 848
202.883 -136.945 846
203.785 -137.853 846
203.11 -138.937 847
209.248 -129.689 835
209.886 -130.429 834
209.242 -130.591 835
212.114 -122.003 832
213.899 -121.992 832
212.096 -124.702 832
208.006 -136.092 841
207.765 -135.023 840
208.661 -135.924 840
216.564 -123.774 832
213.881 -124.69 832
215.677 -122.88 832
207.103 -136.099 841
206.446 -136.267 842
206.207 -135.196 841
205.348 -139.504 845
206.011 -139.332 844
206.249 -140.41 845
239.182 -102.911 839
240.365 -103.028 840
237.995 -103.7 838
211.428 -129.36 833
212.34 -126.653 833
213.221 -128.448 833
208.235 -138.983 842
207.577 -139.155 843
206.678 -138.25 843
189.828 -61.5626 843
189.597 -63.3205 842
188.008 -62.4847 843
188.218 -70.4781 840
189.126 -69.562 840
189.12 -71.3879 840
185.961 -65.1629 842
187.773 -66.0726 842
185.731 -67.8286 841
195.459 -69.5401 840
194.792 -67.7984 841
196.603 -67.7922 841
193.017 -58.9443 845
192.783 -60.7098 844
190.967 -59.7975 844
202.154 -60.122 849
201.483 -58.3478 850
202.636 -58.4137 851
192.745 -69.5496 840
193.65 -69.5464 840
192.509 -71.2901 839
202.826 -60.9699 848
202.339 -63.584 846
200.521 -62.6705 846
189.775 -77.6809 839
190.686 -75.8545 839
191.354 -77.5813 838
198.891 -66.1154 843
200.705 -66.1093 843
198.652 -66.9518 842
194.075 -73.9299 838
195.213 -73.1034 839
194.977 -73.9266 838
191.364 -74.8503 838
193.173 -73.9333 838
193.166 -75.7539 838
206.628 -68.0833 845
208.441 -68.9946 845
206.129 -70.6686 843
200.213 -70.5206 841
202.51 -68.8505 843
202.023 -70.5141 841
198.825 -73.09 839
199.965 -73.1739 840
198.581 -74.8232 838
200.373 -77.546 838
202.424 -75.8096 839
202.172 -78.4486 838
198.311 -82.9128 837
197.183 -81.0024 836
199.219 -81.0919 837
197.426 -79.2818 837
198.33 -78.3694 837
199.223 -80.1832 837
197.407 -83.8251 837
195.602 -84.7414 837
195.376 -82.8251 836
198.292 -87.4548 837
199.196 -86.5426 837
200.088 -88.355 837
194.428 -93.7164 836
192.62 -95.5388 836
191.729 -93.729 836
186.952 -103.193 839
186.961 -101.373 839
204.596 -86.5185 837
204.588 -88.3345 837
201.889 -88.3469 837
201.901 -85.6224 837
209.093 -86.4982 837
209.08 -89.2215 837
207.286 -88.3221 837
213.314 -90.0002 836
215.109 -89.9915 836
213.05 -91.7029 835
223.624 -87.7605 841
224.522 -88.6677 841
222.189 -88.4654 839
218.867 -84.9454 840
196.312 -121.937 837
196.317 -121.031 837
197.212 -121.931 837
226.244 -85.3208 844
225.968 -87.047 843
225.068 -86.1376 843
199 -123.732 837
199.895 -124.632 837
198.101 -123.738 837
233.442 -92.601 844
232.543 -91.6915 844
233.723 -91.7956 845
231.577 -87.4385 847
233.383 -89.265 847
231.3 -88.2519 846
237.565 -90.3775 849
236.377 -90.2755 848
239.998 -92.0938 848
240.611 -93.8146 847
238.522 -92.7973 846
241.54 -98.0401 844
241.54 -98.0401 844
240.352 -97.9289 843
199.264 -134.225 846
200.167 -135.134 846
199.723 -136.376 848
241.853 -100.536 842
241.555 -102.236 841
240.661 -101.331 841
209.963 -135.588 838
209.963 -135.588 838
209.307 -136.663 839
210.781 -130.423 834
244.236 -104.949 841
245.432 -104.158 842
245.427 -105.069 842
245.729 -103.37 843
246.629 -103.365 843
181.645 -62.5039 843
183.243 -63.34 842
181.424 -64.2613 842
187.334 -57.9722 844
188.242 -58.8876 844
187.329 -59.8081 844
191.662 -54.4835 847
191.43 -56.2593 846
189.612 -54.4239 846
194.858 -54.6048 849
195.77 -55.5256 849
193.713 -55.4651 848
202.441 -54.9091 854
202.681 -54.0439 855
199.691 -52.1308 854
199.219 -53.8616 852
198.537 -52.9997 853
184.151 -63.3373 842
185.056 -64.2501 842
183.237 -65.1714 842
188.208 -73.2168 840
187.293 -75.9584 840
186.401 -72.3103 840
206.289 -61.1771 851
208.116 -62.096 851
206.708 -63.7977 849
188.188 -78.6929 840
188.864 -79.5071 839
188.188 -78.6929 840
208.282 -65.5588 848
209.44 -65.633 849
208.84 -72.4892 843
211.155 -71.737 845
210.898 -73.4845 844
216.179 -66.0009 854
214.754 -66.7746 852
214.348 -65.0798 854
194.693 -86.5623 837
193.788 -87.4747 837
193.792 -86.5662 837
191.077 -89.3036 837
190.184 -87.4904 837
192.649 -89.1889 836
181.461 -108.288 843
183.061 -108.151 842
182.365 -109.198 843
206.278 -75.8858 840
208.331 -75.969 841
206.271 -77.7094 840
210.131 -77.7873 841
212.189 -77.8724 842
210.131 -77.7873 841
214.248 -78.8721 843
216.05 -80.6936 843
213.728 -81.4221 841
188.932 -113.324 840
189.615 -112.275 839
189.61 -113.184 839
223.452 -77.3747 847
225.261 -79.2043 847
223.181 -79.1185 846
187.553 -116.34 842
186.853 -119.223 843
186.181 -116.627 844
220.573 -80.6741 843
218.501 -81.4994 842
211.524 -89.1023 836
213.578 -88.2929 837
221.744 -79.8506 844
222.645 -80.762 844
228.319 -86.3293 845
227.418 -85.4177 845
229.5 -85.5104 846
243.286 -93.2173 850
244.482 -93.3222 851
242.995 -94.0266 849
245.998 -95.9628 850
244.801 -95.8548 849
246.292 -95.1548 851
200.859 -138.366 849
199.952 -137.455 849
200.628 -137.287 848
243.926 -97.3471 846
245.115 -98.3737 847
243.921 -98.2625 846
198.587 -138.71 851
198.815 -139.794 852
198.131 -139.965 853
245.72 -100.083 846
202.665 -141.106 849
201.99 -141.279 850
201.314 -141.451 851
245.424 -100.879 845
246.619 -100.993 846
246.322 -101.788 845
242.748 -101.442 842
243.937 -101.557 843
243.937 -101.557 843
246.322 -101.788 845
247.225 -101.783 845
248.421 -101.898 846
248.421 -101.898 846
248.122 -102.691 845
249.619 -102.013 847
250.519 -102.924 847
249.32 -102.807 846
192.58 -49.1868 851
192.578 -50.1125 851
191.436 -50.0558 850
185.971 -51.6722 846
185.746 -53.4498 845
184.837 -52.5327 845
176.189 -61.6026 843
178.009 -61.5974 843
176.186 -62.5198 843
190.067 -51.7853 848
190.979 -52.7054 848
188.928 -52.6479 847
178.001 -64.3487 843
178.913 -63.4289 843
179.604 -65.1827 842
177.083 -67.1024 843
178.687 -67.9328 842
177.077 -68.9361 843
177.77 -70.6828 842
179.59 -69.7612 842
178.675 -71.5953 842
176.358 -74.5278 844
177.962 -76.2662 843
175.443 -75.4487 844
180.489 -72.5046 842
180.486 -73.42 842
179.581 -72.5077 842
182.986 -75.1515 841
183.89 -76.0622 841
182.983 -76.0655 841
187.949 -82.2446 839
185.454 -83.266 840
187.053 -80.4256 839
203.117 -56.6967 853
179.768 -79.9246 843
181.367 -80.7379 842
179.764 -80.8407 843
188.59 -91.2415 838
188.598 -89.4222 838
190.172 -90.2161 837
217.485 -77.2145 845
219.822 -76.4709 847
219.299 -77.207 845
218.917 -69.6996 854
219.312 -71.3825 852
216.32 -69.4614 851
185.754 -113.613 842
186.449 -111.65 841
187.345 -113.468 841
229.069 -77.7211 851
227.617 -78.4629 849
226.07 -76.7194 850
190.027 -119.831 841
189.341 -120.89 842
189.126 -118.925 841
230.881 -80.4813 851
231.789 -81.3998 851
229.699 -80.3907 850
232.141 -83.965 849
233.321 -84.9809 850
233.042 -85.8008 849
230.959 -83.8703 848
229.775 -84.6936 847
230.055 -82.9553 848
194.068 -123.153 839
195.639 -122.995 838
195.867 -124.05 839
235.418 -85.0724 851
237.514 -86.0869 852
236.043 -86.8099 850
238.706 -86.1836 853
240.527 -87.0989 853
239.334 -87.0012 852
243.541 -89.0374 854
242.343 -88.9377 853
241.435 -88.0184 853
244.736 -90.063 855
245.066 -91.6948 853
244.159 -90.7759 853
197.678 -137.796 851
196.769 -136.882 851
197.226 -135.637 849
249.601 -96.2868 853
248.398 -96.1789 852
248.694 -95.3687 853
247.805 -97.7925 850
249.006 -97.9026 851
247.805 -97.7925 850
248.708 -98.7071 850
247.508 -98.596 849
248.708 -98.7071 850
248.708 -98.7071 850
248.41 -99.5094 849
201.557 -145.063 856
197.607 -150.46 855
198.076 -149.887 857
251.121 -101.331 849
252.324 -101.445 850
252.022 -102.243 849
186.641 -47.2363 849
187.331 -49.0241 848
186.419 -48.1034 848
189.833 -47.3414 851
190.748 -48.2652 851
189.608 -48.2106 850
171.629 -64.3676 843
173.456 -62.5277 843
173.45 -64.3623 843
173.639 -69.9476 844
173.642 -69.0296 844
174.55 -69.9447 844
171.11 -69.12 845
171.116 -67.2813 845
171.825 -67.1989 844
195.102 -48.4269 854
197.17 -49.4092 855
195.788 -50.2236 853
185.744 -54.3691 845
184.609 -56.1435 844
183.701 -55.2277 844
170.381 -74.7263 846
170.579 -75.7358 847
169.664 -75.7389 847
199.244 -49.4626 856
200.163 -50.3913 856
198.088 -50.3369 855
172.011 -72.7938 845
174.542 -72.6985 844
172.917 -74.6287 845
207.512 -57.8159 856
209.103 -59.6011 855
207.025 -58.6089 854
179.728 -89.9989 843
181.538 -91.822 843
179.724 -90.9144 843
178.844 -83.5923 843
181.353 -84.3971 842
180.441 -85.3155 842
184.526 -88.7433 840
183.832 -90.6792 841
182.03 -87.9472 841
209.224 -52.6611 863
211.075 -54.5321 863
209.66 -54.4082 861
210.089 -57.0798 859
211.258 -57.1436 860
211.01 -58.0105 859
214.275 -59.0728 861
215.197 -60.0053 861
214.023 -59.9384 860
180.57 -104.635 843
182.172 -104.502 842
181.47 -106.46 843
224.016 -71.7038 856
222.572 -72.4664 854
222.182 -70.7818 856
192.715 -124.367 841
193.845 -125.421 842
193.163 -126.488 843
199.953 -141.796 853
200.634 -141.624 852
199.953 -141.796 853
249.91 -98.8182 851
250.819 -98.8131 851
249.317 -99.5043 849
175.294 -56.101 843
177.116 -55.1788 843
177.116 -55.1788 843
192.347 -45.6458 854
192.345 -46.575 854
191.203 -45.5943 853
196.483 -47.607 856
196.946 -45.8516 858
197.635 -47.6605 857
198.79 -47.714 858
199.258 -45.9544 860
200.182 -46.8877 860
203.193 -47.8723 861
202.717 -49.6293 859
201.794 -48.6974 859
207.13 -51.6678 862
206.647 -52.4828 860
205.483 -52.4242 859
212.001 -55.4674 863
212.494 -54.6559 865
213.175 -55.5291 864
176.526 -85.6377 845
178.135 -86.4461 844
175.61 -86.5595 845
177.217 -88.2836 844
176.507 -90.2277 845
175.603 -88.3956 845
175.776 -96.7698 846
176.676 -99.521 846
175.061 -98.7275 847
179.007 -95.6084 844
181.311 -94.4556 842
179.691 -98.2364 843
175.044 -102.405 847
174.327 -104.371 848
174.34 -101.61 848
178.471 -105.939 846
179.163 -107.642 845
177.764 -106.987 847
216.786 -62.7321 860
217.198 -64.4467 858
215.612 -62.6621 859
223.889 -69.162 859
222.049 -68.2363 859
223.231 -68.3124 860
226.498 -73.4647 855
228.057 -75.2242 854
225.964 -74.2182 853
190.237 -122.708 842
190.452 -124.679 843
189.555 -122.859 843
232.618 -78.9095 854
233.529 -79.8313 854
231.432 -78.821 853
238.71 -85.2595 853
238.084 -83.5132 854
239.278 -83.6068 855
241.382 -85.5508 856
243.205 -87.3964 856
242.006 -87.2987 855
194.289 -128.459 844
194.513 -129.526 845
193.61 -128.617 845
197.228 -131.337 845
197.68 -129.196 843
197.903 -131.175 844
196.999 -134.56 848
196.999 -134.56 848
196.544 -135.802 850
248.342 -91.2941 858
247.758 -92.0079 856
246.848 -91.0859 856
253.518 -96.7235 857
252.308 -96.6156 856
253.518 -96.7235 857
251.413 -98.1226 853
252.62 -98.2327 854
252.62 -98.2327 854
184.148 -50.756 846
184.15 -49.8354 846
185.281 -49.8922 847
195.793 -45.8001 857
194.643 -45.7487 856
194.872 -44.8698 857
203.639 -50.561 859
205.042 -49.7403 861
204.561 -51.4927 859
202.74 -46.1085 863
201.341 -46.9401 861
201.813 -45.172 863
176.547 -80.1279 845
175.641 -78.2941 845
177.256 -78.1948 844
175.621 -83.8049 845
174.002 -83.9111 846
174.919 -82.9881 846
174.163 -95.0527 847
172.534 -96.0938 848
170.912 -94.3707 849
219.241 -59.4046 866
221.095 -61.28 866
218.984 -60.2756 865
180.967 -111.299 845
182.572 -111.158 844
181.873 -112.21 845
220.323 -62.942 863
221.762 -63.0848 865
222.17 -64.8099 863
225.599 -68.4647 862
226.787 -68.5408 863
226.258 -69.3163 861
230.699 -74.5516 857
231.888 -74.6349 858
231.344 -75.3893 856
233.719 -76.4883 858
235.828 -77.5012 859
234.634 -77.4148 858
236.381 -76.7481 861
236.744 -78.4285 859
196.762 -139.381 855
196.986 -140.469 856
196.762 -139.381 855
255.338 -98.5676 857
254.126 -98.4576 856
254.428 -97.6456 857
256.857 -100.294 856
256.857 -100.294 856
255.645 -100.182 855
174.171 -93.2129 847
173.264 -91.3766 847
174.886 -91.2611 846
214.85 -54.7772 867
215.779 -55.7167 867
214.352 -55.5907 865
216.455 -57.5315 866
216.878 -59.2731 864
215.953 -58.3372 864
179.568 -111.572 847
180.472 -113.404 847
178.866 -111.708 848
225.463 -66.8286 865
223.351 -65.8198 864
223.613 -64.957 865
185.69 -120.574 846
184.307 -119.951 848
183.877 -118.752 846
185.642 -122.991 850
186.119 -122.696 848
186.547 -124.827 850
189.521 -127.116 847
187.924 -126.359 848
188.397 -125.139 846
239.562 -82.7771 856
240.47 -84.6277 856
242.241 -83.0588 859
244.07 -84.9115 859
241.954 -83.8917 858
197.445 -140.135 854
197.451 -139.212 854
253.501 -94.2756 860
253.202 -95.0954 859
252.587 -93.3497 860
196.716 -146.538 859
199.267 -144.494 858
197.397 -148.215 858
254.415 -95.2013 860
254.114 -96.0199 859
253.202 -95.0954 859
199.957 -144.319 857
197.397 -148.215 858
168.032 -75.8346 848
166.198 -75.8408 848
166.921 -74.8269 847
171.484 -78.4959 847
169.848 -80.4392 848
169.855 -78.595 848
165.625 -88.9626 850
166.355 -87.0087 849
167.265 -88.8508 849
206.241 -46.2626 866
206.929 -48.0882 865
177.857 -115.016 852
177.658 -113.035 851
178.357 -114.741 850
195.179 -135.212 852
195.402 -136.294 853
195.402 -136.294 853
249.549 -91.3958 859
248.636 -90.4706 859
249.219 -89.7491 861
254.662 -90.3561 867
253.151 -90.1524 865
252.522 -89.3236 866
197.397 -148.215 858
197.397 -148.215 858
198.076 -149.887 857
200.345 -153.21 855
200.345 -153.21 855
200.345 -153.21 855
196.715 -42.267 861
195.56 -42.2197 860
196.715 -42.267 861
165.276 -77.6887 848
165.282 -75.8438 848
166.186 -79.5301 848
167.293 -81.4671 849
165.458 -81.4737 849
166.369 -83.3167 849
164.72 -85.27 850
164.533 -83.3234 849
169.273 -95.4129 850
170.179 -98.1786 850
168.545 -97.3778 851
211.178 -47.4682 871
211.866 -49.3031 870
209.517 -47.3069 868
209.273 -48.195 867
208.343 -47.2545 867
182.207 -120.391 851
182.003 -118.407 850
182.909 -120.244 850
192.467 -130.002 848
193.373 -130.914 848
192 -131.234 850
236.934 -75.9908 863
237.299 -77.6777 861
241.254 -80.555 862
242.738 -80.7379 864
242.172 -81.4851 862
248.497 -82.9719 868
248.497 -82.9719 868
255.909 -92.9468 865
255.608 -93.7743 864
253.772 -91.9138 864
196.716 -146.538 859
196.716 -146.538 859
196.716 -146.538 859
198.991 -150.806 857
198.991 -150.806 857
198.991 -150.806 857
256.242 -97.0522 860
258.361 -96.564 864
257.758 -97.2729 862
162.714 -78.7132 849
164.55 -78.7069 849
163.628 -79.6335 849
198.799 -43.2502 862
199.959 -43.2984 863
198.799 -43.2502 862
202.754 -42.5522 867
202.285 -43.3949 865
201.355 -42.4559 865
171.998 -101.862 850
171.986 -104.63 850
171.273 -103.834 851
216.279 -54.901 869
215.348 -53.9592 869
216.78 -54.0809 871
180.387 -117.634 851
181.508 -119.614 852
179.681 -117.777 852
184.454 -124.359 853
185.367 -125.278 853
184.665 -125.43 854
230.211 -71.2537 862
231.132 -72.1853 862
229.674 -72.0213 860
240.446 -75.5693 869
240.446 -75.5693 869
238.592 -73.6923 869
188.356 -128.497 850
190.872 -129.248 849
190.181 -129.406 850
238.409 -76.1631 865
236.934 -75.9908 863
236.564 -74.2947 865
194.046 -133.219 851
193.578 -134.46 853
193.357 -133.381 852
245.503 -82.5979 864
246.134 -84.3679 863
244.013 -82.4108 862
257.728 -92.3251 868
260.175 -93.4697 870
257.426 -93.157 867
254.114 -96.0199 859
255.63 -95.3071 861
255.329 -96.1268 860
262.946 -96.2785 870
260.808 -96.7775 866
260.794 -95.2377 869
161.617 -74.9333 848
162.345 -73.9204 847
162.534 -74.9303 848
197.64 -43.2019 861
197.409 -44.0873 860
196.254 -44.038 859
159.959 -78.7225 849
160.871 -80.5665 849
159.037 -79.6493 849
165.989 -95.6529 852
165.072 -94.731 852
166.717 -94.6122 851
164.699 -90.8139 850
165.809 -91.8419 851
163.969 -91.8493 851
169.643 -102.114 852
168.731 -100.268 852
169.452 -100.146 851
216.344 -52.3102 873
217.28 -53.2565 873
216.344 -52.3102 873
172.58 -107.777 853
172.057 -108.961 855
171.86 -107.907 854
174.808 -112.658 855
175.319 -112.39 853
175.726 -113.581 855
181.22 -120.967 855
180.509 -121.113 856
180.303 -120.045 855
223.984 -61.5571 870
225.845 -63.4403 870
224.915 -62.4988 870
225.323 -64.2369 868
226.251 -65.176 868
227.18 -66.115 868
230.764 -67.2791 871
232.23 -67.4303 873
232.629 -68.2176 871
229.833 -66.3371 871
229.302 -67.1279 869
228.373 -66.188 869
195.157 -138.63 856
195.379 -139.719 857
195.157 -138.63 856
196.295 -140.639 857
196.289 -141.566 857
195.601 -140.809 858
196.716 -146.538 859
196.716 -146.538 859
196.716 -146.538 859
159.6 -73.0074 847
160.7 -74.9363 848
158.865 -74.9422 848
156.29 -76.8872 849
158.125 -77.805 849
157.388 -78.8245 850
162.157 -84.4552 851
162.15 -86.3059 851
160.498 -86.4141 852
162.136 -90.0066 851
161.402 -91.042 852
160.484 -90.1194 852
206.241 -46.2626 866
210.486 -45.6287 872
211.422 -46.5747 872
211.422 -46.5747 872
225.02 -59.942 874
225.696 -60.8185 873
224.502 -60.7518 872
238.762 -72.1416 873
236.353 -71.0387 871
235.693 -70.1779 872
187.403 -129.113 854
188.097 -129.879 853
187.617 -130.189 855
253.653 -85.3238 873
252.141 -85.1327 871
250.926 -84.097 870
262.63 -94.6182 872
264.472 -93.9923 875
261.704 -93.6797 872
167.473 -101.558 855
166.017 -100.873 857
166.558 -99.7049 855
219.834 -56.0301 872
221.701 -57.9192 872
219.579 -56.912 871
187.189 -128.038 853
185.574 -127.274 854
186.276 -127.12 853
258.326 -91.5963 870
258.326 -91.5963 870
257.426 -93.157 867
200.891 -40.6695 867
199.264 -41.4706 864
198.335 -40.5323 864
159.396 -84.4651 851
158.482 -82.6172 851
160.131 -83.4382 850
159.926 -93.1195 854
158.449 -93.3448 856
159.01 -91.2665 854
209.551 -44.6826 872
209.551 -44.6826 872
214.72 -49.5252 874
215.657 -50.4729 874
214.72 -49.5252 874
176.333 -115.84 858
175.616 -115.049 859
174.694 -114.122 859
232.23 -67.4303 873
230.364 -65.5419 873
231.562 -66.5623 874
241.837 -74.1089 874
242.769 -75.0528 874
237.831 -71.1983 873
242.86 -76.6799 871
247.793 -79.5835 872
245.649 -78.5563 871
188.527 -132.035 855
188.039 -133.276 857
187.127 -131.427 857
196.032 -144.856 860
195.816 -142.831 859
195.816 -142.831 859
266.012 -94.2022 877
264.472 -93.9923 875
264.472 -93.9923 875
262.914 -92.2138 876
261.984 -91.2706 876
260.452 -91.0669 874
262.309 -92.9489 874
262.936 -93.7823 873
261.399 -94.5146 871
266.624 -93.4662 879
265.691 -92.52 879
267.235 -92.7257 881
156.255 -86.6338 854
156.079 -84.6768 853
157.921 -85.598 853
207.678 -42.79 872
207.2 -43.638 870
206.265 -42.6937 870
167.511 -104.957 860
167.321 -103.903 859
168.049 -104.709 858
214.029 -47.6818 875
212.601 -47.575 873
212.847 -46.6794 874
181.634 -123.107 857
182.345 -122.958 856
183.262 -123.88 856
194.69 -138.96 858
193.986 -140.057 859
193.986 -140.057 859
253.994 -87.0103 871
255.846 -88.8872 871
253.11 -88.5901 868
197.397 -148.215 858
198.076 -149.887 857
152.57 -82.9308 854
152.394 -81.9056 853
153.318 -81.9024 853
203.226 -40.7598 869
203.695 -39.9061 871
204.396 -40.8049 870
156.783 -92.5294 857
155.116 -90.7786 858
156.607 -90.5601 856
202.99 -41.6571 868
202.99 -41.6571 868
201.823 -41.6109 867
169.164 -106.692 859
169.696 -106.439 857
171.007 -109.48 859
222.724 -56.2818 876
222.213 -57.1027 874
221.277 -56.156 874
181.543 -125.552 861
181.337 -124.475 860
182.968 -126.18 859
231.562 -66.5623 874
233.433 -67.5043 874
254.533 -83.7196 876
255.465 -84.664 876
255.465 -84.664 876
191.236 -136.358 859
191.931 -137.122 858
191.453 -137.447 860
265.998 -91.6731 880
264.757 -91.5737 879
264.757 -91.5737 879
153.144 -79.9523 852
153.892 -78.0033 851
154.81 -78.9264 851
209.095 -42.8862 874
209.095 -42.8862 874
208.156 -41.9376 874
163.985 -97.9735 856
163.797 -96.9301 855
165.641 -97.8512 855
218.28 -51.5945 877
217.78 -52.4277 875
217.092 -50.586 876
177.967 -117.554 857
179.09 -119.546 858
178.377 -118.76 859
225.537 -59.1279 876
225.02 -59.942 874
225.02 -59.942 874
185.014 -130.042 860
183.378 -129.271 861
184.092 -129.116 860
193.286 -140.226 860
194.2 -142.079 860
194.206 -141.15 860
262.586 -90.5288 878
261.356 -89.4812 877
261.356 -89.4812 877
266.624 -93.4662 879
266.624 -93.4662 879
265.081 -93.2584 877
149.384 -86.032 857
149.213 -85.0003 856
149.968 -83.9676 855
161.216 -96.1248 856
161.4 -97.1683 857
160.477 -96.2408 857
174.176 -113.458 861
223.235 -55.4566 878
222.039 -55.396 877
222.039 -55.396 877
222.039 -55.396 877
221.1 -54.4458 877
220.16 -53.4955 877
225.537 -59.1279 876
226.475 -60.0763 876
225.537 -59.1279 876
233.032 -66.7114 876
236.507 -69.4701 875
234.367 -68.4492 874
252.028 -80.0277 877
250.804 -79.9405 876
267.235 -92.7257 881
266.624 -93.4662 879
267.235 -92.7257 881
265.998 -91.6731 880
267.544 -91.8767 882
267.235 -92.7257 881
151.988 -86.8532 856
152.162 -87.8868 857
151.237 -86.9579 857
155.509 -87.6684 855
154.765 -87.7743 856
154.587 -86.7419 855
204.868 -39.9501 872
204.868 -39.9501 872
204.165 -39.048 873
265.998 -91.6731 880
264.757 -91.5737 879
264.757 -91.5737 879
272.22 -94.0846 885
271.6 -94.827 883
270.663 -93.8769 883
214.521 -46.8375 877
212.152 -45.7836 875
213.58 -45.8861 877
223.917 -57.296 877
223.917 -57.296 877
224.6 -58.1793 876
266.607 -90.9271 882
267.544 -91.8767 882
265.998 -91.6731 880
155.648 -93.9045 861
155.255 -94.2352 864
154.719 -92.9719 861
163.079 -101.952 866
163.637 -101.713 864
164.012 -102.889 866
170.673 -109.867 862
171.599 -110.798 862
171.599 -110.798 862
179.401 -122.26 864
179.91 -122.906 862
262.259 -87.8823 880
262.259 -87.8823 880
261.022 -87.787 879
270.032 -93.0318 884
268.784 -92.9314 883
269.093 -92.0803 884
153.388 -93.3029 864
152.456 -92.3668 864
153.036 -92.1496 862
209.575 -42.0317 876
209.575 -42.0317 876
208.156 -41.9376 874
159.545 -97.7466 862
161.219 -98.5612 861
160.66 -98.794 863
166.427 -104.516 864
166.427 -104.516 864
165.876 -104.762 866
235.842 -68.6025 876
237.988 -69.6255 877
233.032 -66.7114 876
268.784 -92.9314 883
269.093 -92.0803 884
268.784 -92.9314 883
207.694 -40.1298 876
207.218 -40.9888 874
206.279 -40.04 874
157.866 -96.9296 863
158.411 -98.2078 866
157.478 -97.2703 866
212.639 -44.9347 877
212.152 -45.7836 875
211.456 -43.933 876
258.219 -84.9453 879
259.452 -85.0375 880
258.854 -86.7455 878
148.969 -88.2076 860
150.829 -89.1366 860
149.312 -89.3505 862
215.955 -46.9421 879
215.462 -47.7886 877
215.955 -46.9421 879
265.034 -89.1285 883
263.797 -88.0775 882
263.797 -88.0775 882
265.972 -90.0795 883
266.607 -90.9271 882
266.607 -90.9271 882
268.155 -91.1286 884
268.155 -91.1286 884
268.155 -91.1286 884
244.824 -74.4407 878
243.887 -73.4924 878
241.735 -72.465 877
253.542 -80.2061 879
250.445 -78.2243 878
251.957 -78.3985 880
259.402 -83.4194 883
260.046 -84.2758 882
258.81 -84.1845 881
269.707 -91.3301 886
269.093 -92.0803 884
268.155 -91.1286 884
270.648 -92.2838 886
270.648 -92.2838 886
269.093 -92.0803 884
147.109 -87.2784 860
147.448 -88.4192 862
208.169 -39.2665 878
206.752 -39.1788 876
207.226 -38.3131 878
212.639 -44.9347 877
213.126 -44.0815 879
213.126 -44.0815 879
222.548 -54.5674 879
223.235 -55.4566 878
221.606 -53.615 879
229.548 -62.9926 877
231.159 -64.8164 876
230.223 -63.8686 876
211.941 -43.0786 878
210.516 -42.9824 876
210.998 -42.1257 878
269.707 -91.3301 886
269.093 -92.0803 884
269.707 -91.3301 886
274.404 -93.5434 889
274.404 -93.5434 889
273.781 -94.2923 887
217.838 -49.8039 879
218.78 -50.7569 879
216.649 -48.7953 878
255.061 -80.3845 881
257.232 -81.4229 882
256.936 -82.2848 881
269.093 -92.0803 884
270.648 -92.2838 886
210.536 -40.3095 880
209.113 -40.2197 878
208.169 -39.2665 878
268.766 -90.3761 886
268.766 -90.3761 886
268.766 -90.3761 886
273.781 -94.2923 887
274.722 -95.2466 887
273.781 -94.2923 887
219.973 -51.7686 880
220.916 -52.7223 880
219.973 -51.7686 880
229.548 -62.9926 877
231.69 -64.0114 878
232.628 -64.9612 878
269.707 -91.3301 886
269.707 -91.3301 886
269.707 -91.3301 886
237.592 -68.8341 879
237.592 -68.8341 879
235.982 -67.0095 880
214.313 -45.0864 880
214.313 -45.0864 880
214.313 -45.0864 880
243.227 -72.6266 879
245.385 -73.6562 880
240.41 -70.7308 879
248.485 -75.6388 881
248.485 -75.6388 881
251.305 -77.5369 881
270.321 -90.5754 888
269.707 -91.3301 886
270.321 -90.5754 888
207.936 -37.4857 881
208.882 -38.4425 881
207.936 -37.4857 881
215.257 -46.041 880
217.145 -47.9499 880
215.257 -46.041 880
263.46 -86.3679 884
264.404 -86.3635 884
264.399 -87.3203 884
211.721 -41.3116 881
210.056 -41.1728 878
210.536 -40.3095 880
262.525 -84.4582 884
262.223 -85.3187 883
260.64 -83.5097 884
265.948 -86.5544 886
265.643 -87.4146 885
265.948 -86.5544 886
276.289 -95.4564 889
212.667 -42.2678 881
211.721 -41.3116 881
212.667 -42.2678 881
218.336 -48.9597 881
218.336 -48.9597 881
217.64 -47.1002 882
255.644 -79.6104 883
253.473 -78.5727 882
253.473 -78.5727 882
259.998 -81.6915 885
261.885 -82.6415 885
259.998 -81.6915 885
214.802 -44.2299 882
214.802 -44.2299 882
213.613 -43.2238 881
221.42 -51.8838 882
222.365 -52.8397 882
220.475 -50.9278 882
268.132 -88.5631 887
266.885 -88.4678 886
267.19 -87.6076 887
210.307 -38.5279 883
209.829 -39.3989 881
208.882 -38.4425 881
254.704 -78.6578 883
256.879 -79.6965 884
256.879 -79.6965 884
273.46 -92.5867 889
273.46 -92.5867 889
272.517 -91.6298 889
275.347 -94.5 889
275.347 -94.5 889
276.289 -95.4564 889
217.64 -47.1002 882
219.082 -48.1656 884
217.64 -47.1002 882
261.885 -82.6415 885
261.885 -82.6415 885
262.826 -83.5956 885
226.83 -57.5518 881
227.773 -58.5058 881
226.83 -57.5518 881
212.204 -40.4451 883
212.204 -40.4451 883
212.204 -40.4451 883
270.321 -90.5754 888
270.321 -90.5754 888
270.321 -90.5754 888
220.029 -49.1242 884
220.029 -49.1242 884
220.029 -49.1242 884
223.31 -53.7954 882
221.42 -51.8838 882
222.365 -52.8397 882
267.195 -86.6476 887
267.19 -87.6076 887
267.195 -86.6476 887
262.826 -83.5956 885
264.069 -83.6857 886
264.069 -83.6857 886
214.802 -44.2299 882
216.94 -46.1959 883
216.94 -46.1959 883
252.164 -76.8429 884
254.051 -77.793 884
252.164 -76.8429 884
209.358 -37.5691 883
209.358 -37.5691 883
209.358 -37.5691 883
247.827 -74.7723 882
247.827 -74.7723 882
250.65 -76.6729 882
215.291 -43.369 884
215.291 -43.369 884
215.291 -43.369 884
213.393 -41.4504 884
213.393 -41.4504 884
213.393 -41.4504 884
191.184 -113.947 838
192.08 -114.85 838
191.189 -113.039 838
191.198 -111.223 838
192.767 -111.987 837
183.471 -59.7477 843
184.602 -58.8979 844
184.38 -59.7451 843
217.598 -81.5033 842
217.335 -82.3186 841
220.064 -63.805 862
220.727 -65.5976 861
220.212 -66.3778 859
250.786 -93.9563 857
250.488 -94.773 856
249.579 -93.8514 856
222.122 -59.6734 870
222.796 -60.5456 869
221.19 -58.7313 870
226.449 -111.116 832
227.329 -112.91 832
223.491 -113.695 831
232.356 -110.448 834
231.18 -111.222 833
197.891 -126.913 840
198.121 -127.974 841
196.545 -128.138 842
202.187 -132.814 843
202.858 -131.74 842
201.287 -131.908 843
200.381 -131.914 843
183.58 -97.8657 840
185.174 -96.8303 839
184.262 -98.6554 839
196.993 -126.01 840
198.332 -124.792 838
198.563 -125.849 839
186.099 -92.2732 839
187.011 -90.4477 839
187.687 -91.2456 838
183.876 -79.7177 841
182.973 -78.8073 841
183.88 -78.8039 841
181.346 -86.2265 842
182.94 -87.03 841
182.03 -87.9472 841
185.447 -85.0907 840
185.451 -84.1784 840
186.352 -85.087 840
215.548 -71.978 848
217.621 -72.9774 849
215.287 -73.7317 847
181.281 -100.853 842
181.981 -98.9034 841
182.88 -100.724 841
172.389 -81.2552 847
173.103 -80.2362 846
174.013 -81.1525 846
183.264 -111.021 843
184.862 -110.88 842
183.26 -111.935 843
204.855 -43.5415 868
203.686 -43.4933 867
203.923 -42.5994 868
233.625 -73.9585 861
234.442 -73.2792 864
235.092 -74.1267 863
256.828 -93.878 865
257.746 -94.8091 865
255.63 -95.3071 861
255.51 -87.2056 873
257.666 -88.2427 874
258.595 -89.1843 874
251.799 -82.4958 873
252.728 -83.4371 873
250.579 -82.4054 872
191.495 -134.95 856
189.879 -134.192 857
191.277 -133.868 855
210.033 -43.8347 874
208.614 -43.7363 872
210.033 -43.8347 874
220.916 -52.7223 880
219.973 -51.7686 880
218.78 -50.7569 879
274.404 -93.5434 889
274.404 -93.5434 889
271.899 -92.3832 887
271.899 -92.3832 887
273.46 -92.5867 889
271.263 -91.5315 888
272.517 -91.6298 889
272.517 -91.6298 889
235.982 -67.0095 880
235.982 -67.0095 880
240.41 -70.7308 879
240.41 -70.7308 879
232.485 -63.2738 881
233.427 -64.227 881
232.485 -63.2738 881
233.211 -96.7052 840
234.677 -95.1075 842
235.289 -96.8107 841
206.999 -123.085 833
207.23 -125.939 834
242.15 -104.835 840
243.338 -104.955 841
243.338 -104.955 841
190.151 -94.7577 837
190.143 -96.574 837
189.25 -94.7619 837
204.617 -44.4343 867
204.379 -45.3249 866
203.449 -44.3851 866
181.743 -127.565 862
181.543 -125.552 861
182.461 -127.412 861
224.175 -56.4076 878
225.372 -57.4239 879
224.175 -56.4076 878
225.372 -57.4239 879
226.995 -59.2601 878
226.055 -58.3094 878
228.716 -59.4597 881
229.658 -60.4134 881
230.074 -62.182 879
225.372 -57.4239 879
225.372 -57.4239 879
225.372 -57.4239 879
226.83 -57.5518 881
227.773 -58.5058 881
226.83 -57.5518 881
242.156 -103.927 840
240.965 -104.716 839
241.263 -103.023 840
186.759 -96.7064 838
187.667 -95.7929 838
187.658 -97.6114 838
206.812 -128.958 836
207.709 -128.952 836
207.053 -130.017 837
205.734 -132.154 839
206.395 -131.085 838
206.635 -132.148 839
188.53 -103.97 838
186.943 -105.013 839
203.285 -130.513 840
203.521 -131.578 841
193.251 -57.1743 846
194.159 -58.0916 846
183.696 -57.0642 844
181.873 -57.9873 844
181.876 -57.0691 844
179.136 -59.8314 844
180.049 -58.9106 844
180.96 -58.9081 844
177.119 -54.2613 843
178.029 -54.259 843
165.441 -86.0893 849
167.276 -86.0823 849
249.513 -88.9201 862
251.347 -90.7773 862
227.934 -60.2106 878
227.412 -61.0246 876
226.475 -60.0763 876
213.046 -92.608 835
215.096 -92.71 836
213.042 -93.5131 835
205.456 -123.244 834
203.665 -123.255 834
203.676 -121.451 834
219.847 -91.8916 837
217.786 -92.6967 836
216.894 -91.7951 836
202.576 -127.331 837
202.345 -125.371 836
203.238 -126.269 836
228.873 -61.161 878
227.934 -60.2106 878
227.934 -60.2106 878
169.29 -67.2869 845
168.371 -69.1285 845
168.374 -68.2091 845
164.001 -68.3037 846
164.921 -66.4595 846
165.833 -67.3775 846
172.548 -61.613 843
175.289 -57.9359 843
214.599 -111.052 831
213.697 -112.856 831
218.72 -105.888 833
221.399 -105.873 833
221.112 -109.347 832
218.158 -111.93 831
223.745 -101.597 835
224.356 -104.179 834
226.991 -98.2011 837
229.955 -98.3039 838
231.458 -100.895 837
229.381 -102.594 836
229.097 -104.279 835
223.792 -108.431 832
212.125 -120.203 832
212.114 -122.003 832
217.246 -115.531 831
219.934 -112.818 831
218.131 -116.425 831
215.7 -119.281 832
223.512 -110.099 831
232.056 -104.388 836
230.874 -106.075 835
227.63 -108.54 833
220.809 -115.509 831
227.624 -109.442 833
199.237 -114.255 834
201.014 -116.954 834
200.113 -117.862 834
196.109 -116.361 836
211.6 -100.515 833
213.393 -99.603 833
217.238 -97.8967 834
215.449 -97.9061 834
216.348 -96.9979 834
199.667 -122.674 836
205.556 -106.09 834
204.405 -107.773 833
209.531 -105.811 832
209.521 -107.613 832
206.82 -111.232 832
204.385 -111.381 833
205.561 -105.187 834
208.918 -100.529 833
199.909 -111.407 833
200.794 -113.206 833
202.615 -107.783 833
204.375 -113.185 833
212.816 -111.062 831
212.205 -106.697 832
214.001 -104.885 832
218.735 -103.183 833
220.185 -97.9999 835
220.796 -101.491 834
201.9 -118.754 834
201.905 -117.851 834
202.796 -118.749 834
204.364 -114.989 833
210.383 -113.013 832
207.059 -113.17 833
221.354 -96.3015 836
227.272 -96.5036 838
206.121 -120.387 833
207.027 -118.579 833
207.66 -120.231 832
206.154 -114.978 833
210.367 -115.714 832
203.681 -120.548 834
207.027 -118.579 833
206.127 -119.486 833
221.628 -94.6032 837
225.768 -92.0842 839
227.837 -92.1849 840
229.345 -95.7007 839
207.904 -121.277 833
212.153 -115.703 832
211.232 -120.209 832
209.687 -122.167 833
233.528 -101.005 838
232.03 -97.5032 839
235.898 -98.5092 840
236.792 -99.4133 840
190.32 -106.686 838
191.886 -108.364 837
191.914 -102.92 837
193.484 -102.788 836
194.36 -107.314 836
197.1 -99.1436 836
198 -99.1391 836
198.903 -98.2282 836
201.967 -107.014 834
203.769 -105.197 834
198.624 -106.257 835
201.345 -100.813 835
203.14 -100.803 835
198.356 -111.551 834
196.818 -108.076 835
194.336 -111.843 836
195.895 -112.604 835
195.92 -108.081 835
191.876 -110.178 837
193.668 -111.982 837
204.953 -97.1739 835
205.595 -98.861 834
208.563 -92.63 835
210.996 -93.41 834
210.725 -96.9093 833
209.182 -97.9386 834
192.284 -119.53 839
193.853 -120.284 838
192.967 -117.567 838
195.885 -114.413 835
195.215 -115.461 836
195.22 -114.555 836
219.571 -94.4994 836
221.017 -90.1807 838
225.146 -90.3783 840
229.286 -91.4878 842
234.063 -93.3996 843
231.417 -95.8053 840
203.238 -126.269 836
204.13 -127.168 836
205.92 -128.06 836
204.13 -127.168 836
204.789 -126.107 835
209.676 -123.969 833
208.12 -126.835 834
207.23 -125.939 834
237.331 -93.6071 845
235.863 -94.303 843
241.222 -95.5306 846
240.932 -96.3322 845
239.451 -97.9338 843
237.366 -97.8275 842
203.757 -132.644 842
204.607 -129.284 838
205.501 -130.185 838
205.316 -133.384 841
209.009 -127.73 834
210.552 -126.665 833
207.467 -127.895 835
210.575 -123.062 833
232.051 -105.292 836
234.135 -102.691 837
237.392 -102.014 839
205.117 -137.515 844
205.786 -136.435 843
203.993 -133.713 843
205.309 -134.293 841
235.01 -106.308 837
236.806 -105.392 837
233.829 -107.091 836
229.689 -108.66 834
231.757 -107.877 835
231.757 -107.877 835
220.797 -117.307 831
218.114 -119.121 831
226.433 -113.815 832
226.422 -115.615 832
221.665 -120.895 831
219.245 -122.857 832
239.475 -108.092 837
240.668 -106.403 838
241.558 -107.304 838
229.105 -113.798 832
235.607 -108.888 836
237.39 -109.782 836
212.552 -133.115 834
212.552 -133.115 834
193.511 -97.3481 836
195.31 -97.3394 836
195.302 -99.1526 836
198.017 -95.5129 836
198.917 -95.5085 836
196.24 -90.987 836
197.143 -90.0758 836
200.984 -89.259 837
195.297 -100.059 836
196.201 -99.1481 836
197.105 -98.2371 836
201.613 -95.4953 836
208.822 -90.928 836
203.163 -96.2776 835
205.229 -90.9451 836
242.145 -99.7434 843
242.145 -99.7434 843
239.472 -102.125 840
238.579 -101.221 840
237.685 -100.317 840
239.162 -98.7289 842
207.698 -130.76 836
207.698 -130.76 836
202.439 -139.107 848
204.688 -138.761 846
205.821 -141.664 847
205.147 -142.754 848
201.765 -139.278 849
201.974 -136.951 846
202.649 -135.869 845
208.589 -131.657 836
208.832 -132.72 837
208.832 -132.72 837
212.091 -125.602 832
216.321 -120.929 831
206.87 -134.121 840
207.524 -133.956 839
207.53 -133.049 839
216.558 -124.673 832
206.87 -134.121 840
207.994 -137.91 841
206.678 -138.25 843
208.051 -142.223 845
207.571 -140.065 843
236.806 -105.392 837
239.472 -102.125 840
241.555 -102.236 841
217.699 -126.618 833
215.642 -128.276 832
216.806 -126.624 833
215.02 -126.635 833
208.891 -138.812 841
208.47 -140.97 843
218.336 -125.56 832
210.611 -135.42 837
210.856 -136.488 838
187.102 -61.5708 843
186.874 -63.329 842
190.061 -58.8824 844
191.408 -64.2303 842
189.588 -66.0667 842
189.792 -73.1231 839
190.699 -72.2082 839
186.404 -71.3973 840
186.41 -69.5712 840
189.357 -67.8166 841
191.166 -68.7246 841
184.822 -68.7459 841
192.075 -67.8076 841
196.172 -65.2083 843
195.264 -65.2112 843
195.27 -63.3787 843
195.742 -60.7736 845
196.652 -60.7708 845
198.943 -59.9885 847
198.703 -61.7567 846
199.418 -58.2845 849
200.807 -57.494 851
192.273 -73.0262 838
195.452 -71.3654 840
198.462 -63.5205 845
204.221 -60.1872 850
204.397 -64.5735 847
202.093 -65.3451 845
191.347 -79.4017 838
192.253 -78.488 838
187.29 -76.8711 840
189.785 -74.9463 839
198.41 -68.6998 841
202.756 -67.0985 844
195.872 -75.7436 838
196.774 -75.7401 838
197.022 -72.1854 839
195.628 -78.3802 837
204.071 -71.5058 842
205.878 -72.4134 842
204.568 -68.009 844
205.969 -66.3292 846
209.848 -68.2348 847
210.503 -69.9883 846
201.776 -72.2548 840
198.164 -71.3557 840
198.337 -76.5518 837
201.769 -74.0792 840
203.07 -79.3546 838
204.218 -78.535 839
204.475 -74.9809 840
200.359 -81.185 838
201.264 -80.2716 838
194.716 -81.1104 837
193.811 -82.0229 837
198.308 -83.8213 837
196.491 -87.4628 837
200.104 -84.722 837
190.837 -91.9189 836
194.445 -90.0881 836
195.34 -90.9911 836
194.437 -91.9024 836
192.837 -98.3768 837
186.256 -106.053 840
185.346 -106.969 840
205.753 -83.8904 838
205.5 -85.6065 837
208.711 -82.1581 839
201.908 -83.8059 837
201.901 -85.6224 837
204.86 -82.0756 838
202.812 -82.8937 837
203.062 -81.1738 838
209.346 -85.6926 838
211.147 -85.6845 838
216.269 -89.1875 837
216.002 -90.8934 836
217.435 -87.4729 838
218.329 -88.3771 838
220.39 -88.474 839
223 -85.1311 842
226.589 -89.6768 842
217.698 -86.6677 839
194.532 -118.323 837
230.121 -88.152 845
201.912 -128.396 838
200.128 -125.688 838
199.227 -125.693 838
229.291 -90.5757 842
228.665 -89.7744 843
234.289 -89.2606 847
236.094 -91.0864 847
234.91 -90.9834 846
236.094 -91.0864 847
237.617 -92.8019 846
240.285 -91.2832 849
241.189 -92.1978 849
242.704 -94.8337 848
242.122 -96.4414 846
243.628 -99.0606 845
197.678 -137.796 851
199.274 -137.623 850
198.589 -134.39 847
199.034 -133.153 845
201.514 -133.89 844
200.839 -134.968 845
243.041 -100.65 843
209.55 -137.733 840
208.176 -133.79 838
208.182 -132.884 838
209.07 -134.689 838
210.371 -133.452 836
211.262 -134.349 836
211.67 -131.318 834
210.126 -132.39 835
243.343 -104.045 841
243.643 -102.347 842
244.537 -103.253 842
247.823 -103.482 844
180.513 -65.1799 842
182.329 -65.1742 842
180.738 -61.5895 843
181.65 -60.6698 843
184.375 -61.5789 843
185.287 -60.6593 843
186.427 -57.0567 844
187.561 -56.2027 845
190.291 -57.1143 845
188.7 -54.4263 846
191.89 -53.6255 848
192.804 -53.6231 848
192.342 -56.2568 846
193.946 -53.6839 849
196.238 -52.8802 851
197.831 -55.586 850
196.45 -56.3797 848
206.162 -54.2261 858
201.048 -55.7092 852
204.08 -53.2362 857
202.92 -53.1765 856
204.32 -52.3655 858
196.471 -52.0157 852
197.386 -52.9399 852
201.083 -51.3198 856
201.763 -53.1168 855
199.896 -55.6464 851
183.232 -67.0026 842
183.011 -67.8375 841
182.104 -67.8404 841
184.809 -72.4028 841
187.29 -76.8711 840
206.215 -65.4876 847
205.621 -59.4002 852
209.525 -61.3124 853
210.187 -64.0142 852
192.009 -82.0303 837
212.171 -67.4677 849
210.852 -64.8603 851
211.35 -64.0863 853
210.641 -75.2275 843
212.96 -74.4818 845
206.53 -74.1502 841
213.478 -70.9805 847
213.936 -63.3759 856
212.767 -63.3049 855
217.604 -66.1523 856
218.262 -67.9283 855
215.41 -68.5409 851
213.588 -66.6993 851
190.426 -83.9556 838
191.089 -86.5779 837
189.512 -86.6891 838
184.656 -108.013 841
184.647 -109.836 841
183.759 -106.194 841
206.018 -79.4382 839
206.01 -81.2592 839
210.764 -82.2483 840
212.564 -83.1517 840
215.157 -77.9537 843
218.122 -79.8661 844
187.147 -108.781 840
188.047 -109.687 840
186.459 -109.827 841
188.726 -109.551 839
189.625 -110.456 839
220.843 -78.9391 844
221.901 -76.5538 848
223.983 -76.6366 849
226.436 -79.2939 848
224.987 -80.9454 846
185.276 -115.717 844
184.58 -116.775 845
188.241 -115.286 841
189.142 -116.192 841
187.75 -121.044 843
186.16 -120.284 844
213.841 -86.581 838
215.64 -86.5727 838
212.946 -85.6764 838
215.005 -84.8606 839
224.443 -83.4993 844
243.606 -95.7467 848
242.672 -91.489 851
245.681 -93.4271 852
246.586 -94.3445 852
247.492 -95.2618 852
247.81 -96.8728 850
246.316 -97.5673 848
244.219 -96.5456 847
202.415 -134.796 844
201.071 -136.042 846
201.089 -139.448 850
243.628 -99.0606 845
246.311 -98.4848 848
246.015 -99.285 847
203.136 -142.358 851
202.459 -142.532 852
203.369 -143.446 852
204.044 -143.271 851
244.833 -102.464 843
246.025 -102.58 844
245.424 -100.879 845
244.232 -100.765 844
244.232 -100.765 844
246.915 -100.196 847
247.523 -100.988 846
247.523 -100.988 846
248.122 -102.691 845
247.823 -103.482 844
249.02 -103.6 845
249.02 -103.6 845
249.619 -102.013 847
190.296 -49.9991 849
190.069 -50.8628 848
192.809 -48.3177 852
193.954 -48.3723 853
194.64 -50.167 852
193.265 -50.976 850
183.928 -51.6155 845
183.015 -52.5372 845
187.106 -50.8094 847
188.019 -50.8072 847
187.79 -53.5084 846
175.271 -64.3568 843
176.181 -64.3541 843
175.279 -61.6052 843
176.192 -60.6854 843
178.919 -61.5948 843
192.121 -51.8418 849
179.601 -66.0985 842
177.083 -67.1024 843
176.164 -69.8559 843
175.26 -68.0251 843
179.596 -67.9299 842
181.194 -68.7579 841
183.002 -70.5806 841
182.098 -69.6693 841
183.005 -69.6663 841
173.827 -75.5444 845
175.645 -77.3755 845
176.152 -73.5229 843
177.971 -73.5166 843
178.872 -76.2629 843
178.868 -77.1792 843
178.884 -72.597 843
183.903 -72.4059 841
182.089 -72.4122 841
179.574 -74.3385 842
180.476 -76.1659 842
181.381 -77.0777 842
182.086 -73.3264 841
183.903 -72.4059 841
185.475 -77.7906 840
186.377 -78.6999 840
188.846 -84.0633 839
187.942 -84.067 839
185.454 -83.266 840
183.865 -82.4588 841
199.894 -56.5715 851
205.436 -55.8952 855
178.156 -80.9435 844
178.149 -82.7779 844
179.771 -79.0084 843
181.374 -78.9079 842
182.966 -80.635 841
182.052 -82.466 841
187.019 -88.626 839
187.023 -87.715 839
187.027 -86.8041 839
214.771 -75.3917 845
220.348 -74.8092 849
214.897 -70.2231 849
220.091 -69.7779 855
220.223 -72.3037 852
218.79 -73.0599 850
184.158 -113.758 843
184.647 -109.836 841
225.427 -75.8904 851
229.611 -76.9788 853
230.251 -77.8086 852
228.519 -80.3001 849
191.604 -120.587 840
190.921 -121.647 841
187.968 -122.102 844
229.151 -82.0402 848
232.696 -82.3182 851
232.419 -83.1427 850
227.969 -82.8656 847
230.679 -85.6072 847
195.419 -126.171 841
196.993 -126.01 840
192.497 -122.401 840
194.079 -121.336 839
197.436 -123.891 838
235.76 -87.6276 849
236.948 -87.7264 850
234.511 -84.1544 851
237.849 -89.5633 850
239.044 -88.7425 851
238.138 -87.8252 851
244.116 -88.319 856
244.736 -90.063 855
242.055 -89.756 852
240.86 -89.6552 851
245.937 -90.1638 856
246.555 -91.9051 855
198.589 -134.39 847
197.451 -139.212 854
196.538 -138.294 854
196.314 -137.21 853
248.078 -94.5612 854
251.398 -95.6944 856
250.806 -96.3948 854
250.806 -96.3948 854
250.507 -97.2048 853
247.212 -99.3972 848
246.311 -98.4848 848
246.915 -100.196 847
248.41 -99.5094 849
198.076 -149.887 857
201.557 -145.063 856
203.153 -145.805 855
250.82 -102.128 848
249.919 -101.216 848
251.723 -99.7285 851
252.923 -100.762 852
254.131 -100.875 853
254.131 -100.875 853
185.504 -48.1055 848
184.37 -48.9726 847
187.777 -47.2898 850
188.694 -47.2878 850
188.468 -49.0797 849
187.329 -49.9468 848
190.058 -46.47 852
192.118 -47.4485 853
173.653 -65.3569 844
170.919 -65.365 844
170.009 -64.4493 844
173.458 -61.6104 843
175.456 -71.7776 844
171.101 -71.8777 845
171.107 -70.0393 845
173.648 -67.1933 844
169.281 -70.0451 845
195.788 -50.2236 853
195.332 -47.5535 855
197.635 -47.6605 857
198.324 -48.5338 856
180.97 -55.2349 844
180.97 -55.2349 844
180.967 -56.1532 844
168.942 -77.676 848
169.47 -73.8092 846
170.387 -72.8859 846
172.205 -75.6401 846
171.488 -77.5748 847
196.704 -51.1491 853
200.636 -48.6429 858
202.478 -50.5044 858
204.947 -58.5457 853
207.76 -56.0208 857
208.922 -57.016 858
210.268 -59.668 856
210.019 -60.5273 855
178.112 -91.9466 844
178.108 -92.8632 844
179.735 -88.1677 843
181.334 -88.97 842
183.82 -93.4183 841
182.909 -94.3353 841
179.743 -86.3363 843
177.235 -83.6986 844
182.951 -84.2896 841
184.53 -87.8311 840
185.211 -88.6338 839
184.506 -93.3031 840
208.492 -54.3475 860
209.414 -55.2797 860
208.299 -51.7254 863
209.712 -51.8429 865
211.752 -56.3399 862
212.851 -59.8717 859
212.43 -57.2073 861
213.52 -61.6631 858
213.851 -57.3376 863
216.624 -60.1419 863
217.041 -61.87 861
180.771 -107.506 844
178.969 -103.853 844
179.674 -101.896 843
182.866 -103.461 841
183.764 -105.281 841
220.612 -68.0807 857
225.463 -70.9369 858
225.848 -72.6255 856
223.872 -74.1384 852
222.048 -73.2212 852
191.575 -126.649 844
192.478 -127.557 844
191.816 -123.462 841
194.74 -127.238 842
199.953 -141.796 853
199.269 -141.969 854
249.019 -100.304 848
249.919 -101.216 848
250.209 -98.0126 852
252.319 -99.0403 853
179.144 -57.0764 844
179.146 -56.158 844
179.148 -55.2396 844
189.142 -45.5448 852
192.574 -44.769 855
193.722 -44.8194 856
193.266 -46.573 854
194.413 -46.6254 855
196.946 -45.8516 858
198.101 -45.903 859
199.491 -45.0713 861
201.813 -45.172 863
200.651 -45.1216 862
201.105 -47.8209 860
203.667 -47.045 863
204.357 -47.9257 862
207.373 -50.7895 863
211.131 -51.0179 867
173.992 -86.6692 846
174.901 -87.5848 846
178.131 -87.363 844
173.275 -88.616 847
173.441 -97.9315 848
173.433 -99.7729 848
175.78 -95.8512 846
177.399 -94.8123 845
178.99 -99.2732 844
176.672 -100.439 846
179.683 -100.066 843
182.901 -96.161 841
172.717 -100.816 849
177.362 -103.068 845
174.323 -105.291 848
173.617 -104.498 849
176.144 -107.123 848
177.05 -108.958 848
180.065 -109.471 845
217.963 -62.8021 861
219.034 -66.3037 858
223.493 -67.4574 861
222.831 -66.6032 862
225.729 -70.0874 859
220.873 -67.2288 858
227.95 -72.7033 857
229.884 -76.143 854
188.18 -124.077 845
189.989 -125.895 845
234.439 -80.753 854
235.35 -81.6746 854
234.161 -81.583 853
236.541 -81.7662 855
244.69 -87.5962 858
244.98 -86.768 859
245.604 -88.5209 858
192.929 -128.775 846
196.545 -128.138 842
195.648 -130.588 846
194.057 -130.754 847
198.131 -132.245 845
197.903 -131.175 844
196.546 -132.413 846
196.314 -137.21 853
195.411 -133.812 849
246.517 -89.4455 858
250.463 -92.321 859
248.373 -93.7466 855
250.507 -97.2048 853
251.713 -97.3138 854
250.507 -97.2048 853
252.308 -96.6156 856
252.607 -95.8013 857
253.527 -99.1513 854
253.518 -96.7235 857
198.991 -150.806 857
198.076 -149.887 857
198.991 -150.806 857
182.107 -50.7004 845
183.24 -48.9169 846
195.101 -43.9886 858
197.178 -44.9705 859
205.282 -48.8608 862
206.207 -49.7958 862
207.615 -49.9091 864
202.049 -44.2845 864
203.905 -46.1599 864
175.839 -81.1456 846
174.023 -78.3934 846
171.659 -85.9633 848
170.919 -92.5261 849
169.277 -94.4896 850
171.813 -98.055 849
217.803 -60.2087 864
218.728 -61.1442 864
218.565 -58.5343 867
219.75 -58.599 868
222.537 -61.4186 868
222.021 -62.2174 866
180.467 -114.322 847
182.073 -115.094 846
183.472 -112.983 844
182.774 -114.037 845
221.909 -65.6706 862
223.351 -65.8198 864
219.142 -62.872 862
222.688 -64.021 865
227.833 -71.0953 860
224.016 -66.6773 863
227.316 -67.7609 865
228.9 -69.5512 864
231.982 -77.1517 855
229.136 -72.7846 858
233.35 -74.8052 860
234.718 -79.9209 855
236.185 -80.1038 857
236.185 -80.1038 857
237.098 -81.0287 857
196.072 -139.55 856
196.289 -141.566 857
196.289 -141.566 857
255.027 -96.9443 859
257.155 -97.9774 860
256.552 -98.6775 858
254.737 -99.2623 855
257.768 -98.7875 859
171.649 -88.728 848
172.564 -88.7243 848
171.637 -91.4921 848
173.268 -90.4565 847
214.101 -56.4653 864
212.743 -53.778 866
213.237 -52.9588 868
217.21 -55.8426 869
216.958 -56.7213 868
177.25 -110.928 849
179.062 -114.601 849
224.133 -64.1659 867
226.653 -66.9026 866
183.887 -116.918 846
186.596 -121.485 846
184.731 -122.075 850
185.85 -124.979 851
187.237 -125.594 849
184.243 -123.291 852
186.806 -123.464 847
190.427 -128.027 847
187.452 -126.662 850
236.541 -81.7662 855
241.325 -82.1323 859
242.809 -82.3194 861
245.559 -85.1049 861
245.27 -85.9376 860
198.357 -141.052 854
197.67 -141.223 855
196.98 -141.394 856
197.204 -142.486 857
253.18 -92.6339 862
251.673 -92.4238 860
256.229 -94.5947 863
255.012 -94.49 862
252.607 -95.8013 857
251.697 -94.8789 857
197.895 -142.313 856
197.895 -142.313 856
198.583 -142.141 855
255.63 -95.3071 861
200.644 -144.145 856
180.977 -52.4796 844
179.855 -51.5022 843
180.979 -51.5611 844
168.559 -72.8919 846
168.562 -71.9716 846
166.924 -73.9055 847
167.106 -78.6047 848
172.196 -78.3999 846
170.761 -81.3578 848
168.929 -81.3645 848
168.175 -90.6924 849
169.093 -90.6887 849
180.18 -116.574 850
178.977 -116.996 853
177.354 -115.291 854
175.831 -111.199 851
193.8 -135.542 854
194.021 -136.625 855
194.733 -133.056 850
195.625 -137.377 854
250.68 -87.4574 866
257.101 -91.4957 869
255.584 -91.2899 867
252.853 -90.9833 864
198.991 -150.806 857
198.991 -150.806 857
198.991 -150.806 857
197.397 -148.215 858
196.709 -147.466 859
197.397 -148.215 858
197.39 -149.141 858
200.345 -153.21 855
200.345 -153.21 855
200.345 -153.21 855
200.345 -153.21 855
182.107 -50.7004 845
198.103 -41.4244 863
197.872 -42.3142 862
195.331 -43.1053 859
194.179 -43.057 858
162.531 -75.8529 848
162.528 -76.7755 848
163.625 -80.5569 849
163.619 -82.4036 849
166.189 -78.6078 848
167.29 -82.3903 849
162.889 -83.4283 850
167.283 -84.2364 849
163.798 -86.1976 850
167.822 -97.4962 852
167.818 -98.4216 852
168.358 -94.4934 850
170.175 -99.1017 850
212.8 -50.2465 870
209.03 -49.0809 866
207.858 -49.0264 865
210.201 -50.0778 867
209.957 -50.9614 866
181.58 -117.209 848
181.092 -117.491 850
183.192 -117.061 847
191.31 -131.394 851
191.529 -132.471 852
191.339 -128.021 847
193.596 -131.987 849
243.023 -79.894 865
244.513 -80.0747 867
245.437 -81.0101 867
250.345 -84.8438 868
249.129 -84.7503 867
247.92 -83.7188 866
247.052 -85.2983 863
248.55 -85.4917 865
247.971 -86.2286 863
256.828 -93.878 865
196.512 -142.658 858
196.512 -142.658 858
196.716 -146.538 859
198.076 -149.887 857
198.076 -149.887 857
200.345 -153.21 855
198.991 -150.806 857
198.991 -150.806 857
198.991 -150.806 857
258.978 -97.3807 863
255.329 -96.1268 860
258.049 -93.9818 866
259.268 -95.0234 867
259.287 -99.0124 861
258.68 -99.7113 859
161.789 -80.5633 849
161.608 -77.7011 848
199.725 -44.1859 862
200.886 -44.2352 863
199.491 -45.0713 861
198.566 -44.1366 861
201.355 -42.4559 865
203.923 -42.5994 868
203.923 -42.5994 868
202.285 -43.3949 865
201.121 -43.3467 864
169.834 -104.086 853
170.746 -105.934 853
171.085 -100.943 850
172.899 -105.548 850
218.215 -54.2026 873
216.78 -54.0809 871
218.141 -56.784 869
214.416 -53.0174 869
179.181 -118.059 854
181.716 -120.679 853
184.175 -125.729 856
184.875 -126.503 855
183.545 -122.517 853
231.016 -70.5632 865
236.461 -72.6734 868
236.461 -72.6734 868
241.003 -74.7989 871
242.02 -77.3567 868
239.889 -76.3354 867
189.706 -130.638 852
187.667 -127.732 851
234.989 -72.5095 866
239.976 -77.9406 864
190.836 -132.632 853
193.106 -135.706 855
244.866 -81.7605 865
258.049 -93.9818 866
258.65 -93.2596 868
256.828 -93.878 865
256.229 -94.5947 863
256.828 -93.878 865
263.863 -94.7219 873
264.481 -96.4948 872
260.502 -97.6014 865
260.502 -97.6014 865
161.438 -71.1582 847
162.351 -72.0771 847
157.385 -79.7493 850
158.302 -80.6709 850
159.773 -77.7073 848
161.057 -81.586 850
167.448 -92.6502 850
166.18 -96.6918 853
163.421 -94.8497 853
164.155 -93.809 852
163.237 -92.8868 852
163.787 -88.9697 850
167.451 -91.7266 850
168.196 -102.362 854
168.011 -99.4635 853
213.291 -49.4141 872
214.912 -52.1928 871
170.219 -107.115 855
174.008 -108.438 851
174.208 -109.49 852
173.173 -110.942 856
171.534 -109.221 857
176.845 -115.565 856
174.495 -113.058 858
178.678 -118.34 856
181.924 -121.745 854
180.715 -122.183 857
180.006 -121.401 858
223.466 -62.3581 868
224.395 -63.2976 868
223.312 -59.7391 871
227.3 -63.5831 872
226.776 -64.3817 870
227.845 -66.9767 867
232.751 -69.8628 868
233.951 -69.9399 869
228.902 -65.3949 871
234.367 -68.4492 874
230.092 -69.6282 865
194.469 -137.871 857
196.072 -139.55 856
195.601 -140.809 858
195.601 -140.809 858
195.816 -142.831 859
196.512 -142.658 858
196.032 -144.856 860
196.032 -144.856 860
196.038 -143.926 860
155.557 -76.0557 850
156.293 -75.9633 849
156.293 -75.9633 849
160.519 -72.0828 847
158.865 -74.9422 848
160.7 -74.9363 848
159.779 -75.862 848
155.728 -79.8493 851
155.554 -76.9807 850
159.576 -86.4175 852
159.573 -87.3439 852
161.051 -83.4349 850
162.872 -88.0492 850
158.827 -90.2322 853
160.662 -93.0068 853
205.787 -44.4836 868
206.96 -44.5328 869
206.72 -45.4255 868
210.002 -46.47 870
210.002 -46.47 870
210.002 -46.47 870
212.601 -47.575 873
211.178 -47.4682 871
226.89 -61.8342 874
227.825 -62.7801 874
228.759 -63.7259 874
235.031 -69.3147 873
242.769 -75.0528 874
186.003 -128.499 856
187.133 -130.499 857
189.226 -131.875 854
249.073 -82.2206 870
255.169 -85.5149 875
256.737 -87.301 874
253.067 -86.0715 871
259.251 -92.5331 870
261.704 -93.6797 872
263.543 -93.0505 875
166.367 -98.6605 854
168.389 -103.41 855
166.207 -101.922 858
165.287 -100.063 858
219.072 -57.7254 869
219.151 -55.1485 873
221.701 -57.9192 872
222.38 -58.796 871
185.297 -128.655 857
185.086 -127.578 856
261.381 -92.008 874
201.124 -39.7721 868
202.057 -40.7146 868
200.192 -42.4087 864
156.824 -82.7208 852
157.165 -90.345 854
161.77 -94.0404 854
158.816 -94.4956 858
157.707 -93.4575 857
208.373 -44.6334 871
208.373 -44.6334 871
207.893 -45.4758 869
213.783 -48.5774 874
214.226 -50.3597 872
215.214 -48.6864 876
216.153 -49.6362 876
217.78 -52.4277 875
174.495 -113.058 858
177.047 -116.63 857
176.225 -116.385 862
175.299 -115.455 862
234.367 -68.4492 874
240.247 -72.3033 875
244.916 -76.0797 875
246.499 -77.8797 874
242.945 -78.2936 868
245.081 -79.3177 869
246.294 -79.405 870
244.155 -78.3799 869
186.427 -130.657 858
190.14 -132.793 854
187.34 -132.509 858
186.633 -132.669 859
195.816 -142.831 859
259.852 -91.8022 872
264.15 -92.3143 877
263.519 -91.4743 878
261.984 -91.2706 876
264.472 -93.9923 875
264.472 -93.9923 875
261.984 -91.2706 876
265.081 -93.2584 877
264.15 -92.3143 877
154.413 -84.7826 854
155.162 -82.8242 853
156.079 -84.6768 853
154.241 -81.8994 853
206.265 -42.6937 870
205.093 -42.6465 869
209.095 -42.8862 874
207.2 -43.638 870
206.265 -42.6937 870
168.774 -105.513 857
169.164 -106.692 859
167.896 -106.137 862
165.665 -102.164 860
212.152 -45.7836 875
214.029 -47.6818 875
182.761 -125.104 858
181.132 -123.399 859
193.292 -139.296 860
193.552 -136.95 857
194.904 -140.98 859
259.524 -90.1257 874
260.452 -91.0669 874
261.381 -92.008 874
197.397 -148.215 858
197.397 -148.215 858
198.076 -149.887 857
198.991 -150.806 857
201.124 -39.7721 868
204.16 -41.7032 869
205.567 -41.7973 871
205.805 -40.8969 872
205.567 -41.7973 871
156.431 -88.5949 855
156.398 -93.7918 860
155.293 -91.8184 859
154.011 -89.7443 857
171.93 -110.408 859
169.943 -109.062 863
168.824 -107.069 862
169.554 -107.875 861
219.655 -54.3242 875
220.341 -55.2091 874
222.724 -56.2818 876
224.6 -58.1793 876
223.828 -58.9282 873
182.968 -126.18 859
180.829 -124.769 862
180.625 -123.692 861
230.223 -63.8686 876
229.431 -64.5975 873
228.759 -63.7259 874
230.223 -63.8686 876
256.1 -86.458 875
256.397 -85.6082 876
257.328 -86.5523 876
253.312 -82.6806 875
256.053 -83.9065 878
256.987 -84.853 878
192.373 -138.372 860
190.311 -136.364 859
190.095 -135.277 858
192.411 -135.871 856
265.691 -92.52 879
267.235 -92.7257 881
266.607 -90.9271 882
264.757 -91.5737 879
267.557 -94.4122 879
270.352 -94.7246 882
269.734 -95.4616 880
154.986 -80.8732 852
152.398 -80.9774 853
152.401 -80.0492 853
153.892 -78.0033 851
206.741 -41.8435 872
206.741 -41.8435 872
206.741 -41.8435 872
208.156 -41.9376 874
164.551 -100.183 859
164.172 -99.0189 857
162.876 -96.0049 855
216.153 -49.6362 876
218.28 -51.5945 877
219.22 -52.545 877
218.718 -53.376 875
177.145 -118.25 862
176.629 -117.592 864
178.788 -119.969 861
179.294 -120.617 859
178.788 -119.969 861
226.89 -61.8342 874
195.125 -142.073 860
195.816 -142.831 859
260.424 -88.5365 877
259.191 -88.4401 876
262.89 -89.6806 879
264.124 -90.7303 880
263.519 -91.4743 878
260.755 -90.2241 875
264.15 -92.3143 877
264.15 -92.3143 877
267.235 -92.7257 881
267.235 -92.7257 881
266.624 -93.4662 879
151.82 -83.9613 855
159.178 -96.5852 860
163.25 -98.0918 857
161.773 -98.3284 859
174.576 -114.658 863
221.606 -53.615 879
220.16 -53.4955 877
223.235 -55.4566 878
224.175 -56.4076 878
222.724 -56.2818 876
219.655 -54.3242 875
227.412 -61.0246 876
227.412 -61.0246 876
228.349 -61.9727 876
231.159 -64.8164 876
232.095 -65.764 876
239.586 -71.4395 876
249.222 -78.1391 877
254.478 -81.1543 879
254.828 -82.8653 877
251.449 -80.7933 875
250.227 -80.7049 874
196.709 -147.466 859
267.544 -91.8767 882
267.544 -91.8767 882
268.171 -93.674 881
264.757 -91.5737 879
264.757 -91.5737 879
267.544 -91.8767 882
269.093 -92.0803 884
149.555 -87.0658 858
151.816 -84.8915 855
152.739 -85.8184 855
153.086 -88.8156 857
151.584 -89.0296 859
205.34 -39.091 874
204.165 -39.048 873
207.218 -40.9888 874
203.695 -39.9061 871
185.719 -130.815 859
185.223 -131.125 861
265.365 -90.8288 881
267.235 -92.7257 881
269.416 -93.7755 882
269.416 -93.7755 882
271.281 -93.1322 885
272.22 -94.0846 885
214.521 -46.8375 877
213.58 -45.8861 877
215.462 -47.7886 877
212.152 -45.7836 875
179.707 -121.831 861
178.07 -119.179 862
226.055 -58.3094 878
226.995 -59.2601 878
226.055 -58.3094 878
267.544 -91.8767 882
268.155 -91.1286 884
153.612 -91.9323 860
157.687 -95.8804 862
155.611 -95.3948 866
154.498 -94.3479 865
161.583 -101.253 868
161.028 -99.9628 865
164.19 -101.473 862
164.567 -102.647 864
169.211 -108.255 864
171.599 -110.798 862
181.034 -125.849 863
259.787 -87.6916 878
261.62 -87.033 881
262.859 -87.1273 882
263.493 -88.9312 881
271.281 -93.1322 885
152.684 -91.0005 860
154.094 -94.6786 868
151.871 -92.5841 866
151.523 -91.4306 864
207.218 -40.9888 874
208.634 -41.0808 876
209.575 -42.0317 876
210.516 -42.9824 876
160.096 -99.0268 865
158.616 -96.8136 862
162.887 -99.3734 860
162.146 -99.4928 861
165.306 -103.462 863
167.163 -105.328 863
167.546 -106.511 865
231.159 -64.8164 876
234.238 -66.7843 877
237.988 -69.6255 877
241.735 -72.465 877
269.093 -92.0803 884
267.544 -91.8767 882
269.093 -92.0803 884
269.093 -92.0803 884
206.752 -39.1788 876
207.694 -40.1298 876
156.902 -97.4986 868
159.528 -99.2596 867
211.456 -43.933 876
210.033 -43.8347 874
212.639 -44.9347 877
210.971 -44.783 874
258.219 -84.9453 879
260.684 -86.0836 881
148.55 -89.4574 863
148.799 -87.1705 859
215.257 -46.041 880
217.145 -47.9499 880
217.838 -49.8039 879
216.649 -48.7953 878
262.859 -87.1273 882
265.034 -89.1285 883
264.729 -89.9821 882
267.216 -90.1768 884
267.216 -90.1768 884
267.544 -91.8767 882
267.216 -90.1768 884
269.707 -91.3301 886
240.41 -70.7308 879
246.98 -75.4708 879
249.141 -76.5029 880
246.415 -76.2498 877
251.957 -78.3985 880
255.708 -81.2424 880
256.936 -82.2848 881
257.576 -84.0933 880
258.17 -82.374 882
259.402 -83.4194 883
260.984 -85.2264 882
268.155 -91.1286 884
272.533 -93.2326 886
147.699 -86.1387 858
148.55 -89.4574 863
147.957 -89.668 865
207.226 -38.3131 878
207.226 -38.3131 878
209.113 -40.2197 878
205.811 -38.2275 876
213.126 -44.0815 879
211.456 -43.933 876
211.941 -43.0786 878
213.126 -44.0815 879
221.606 -53.615 879
221.606 -53.615 879
222.548 -54.5674 879
224.175 -56.4076 878
229.548 -62.9926 877
228.873 -61.161 878
228.873 -61.161 878
233.567 -65.9109 878
273.781 -94.2923 887
210.056 -41.1728 878
211.941 -43.0786 878
270.648 -92.2838 886
270.648 -92.2838 886
273.781 -94.2923 887
271.899 -92.3832 887
217.838 -49.8039 879
218.78 -50.7569 879
253.473 -78.5727 882
257.232 -81.4229 882
270.648 -92.2838 886
271.899 -92.3832 887
207.936 -37.4857 881
209.829 -39.3989 881
210.536 -40.3095 880
210.056 -41.1728 878
267.826 -89.422 886
267.826 -89.422 886
269.074 -89.5183 887
269.074 -89.5183 887
269.707 -91.3301 886
275.347 -94.5 889
275.347 -94.5 889
276.289 -95.4564 889
218.336 -48.9597 881
218.78 -50.7569 879
219.529 -49.9716 882
221.606 -53.615 879
220.916 -52.7223 880
234.238 -66.7843 877
228.873 -61.161 878
231.014 -63.1332 879
232.628 -64.9612 878
270.648 -92.2838 886
271.263 -91.5315 888
233.567 -65.9109 878
240.41 -70.7308 879
240.41 -70.7308 879
240.41 -70.7308 879
237.592 -68.8341 879
213.613 -43.2238 881
214.802 -44.2299 882
215.257 -46.041 880
214.313 -45.0864 880
240.41 -70.7308 879
243.227 -72.6266 879
245.385 -73.6562 880
246.323 -74.6065 880
243.227 -72.6266 879
248.485 -75.6388 881
250.65 -76.6729 882
269.074 -89.5183 887
271.263 -91.5315 888
271.263 -91.5315 888
207.936 -37.4857 881
207.936 -37.4857 881
207.936 -37.4857 881
209.829 -39.3989 881
217.64 -47.1002 882
217.145 -47.9499 880
266.579 -89.3257 885
265.338 -88.2727 884
265.643 -87.4146 885
262.219 -86.2746 883
263.767 -84.5494 885
264.707 -85.5031 885
211.721 -41.3116 881
212.667 -42.2678 881
259.7 -82.5566 884
262.826 -83.5956 885
263.767 -84.5494 885
265.31 -84.7361 887
265.948 -86.5544 886
266.885 -88.4678 886
213.613 -43.2238 881
212.667 -42.2678 881
213.613 -43.2238 881
211.721 -41.3116 881
217.64 -47.1002 882
219.529 -49.9716 882
252.533 -77.6209 882
256.879 -79.6965 884
258.76 -81.6034 884
257.819 -80.65 884
259.998 -81.6915 885
214.802 -44.2299 882
214.802 -44.2299 882
223.31 -53.7954 882
223.31 -53.7954 882
224 -54.689 881
224 -54.689 881
265.948 -86.5544 886
268.132 -88.5631 887
267.826 -89.422 886
267.826 -89.422 886
209.358 -37.5691 883
210.307 -38.5279 883
211.255 -39.4866 883
211.255 -39.4866 883
252.533 -77.6209 882
255.938 -78.7429 884
272.517 -91.6298 889
273.46 -92.5867 889
276.289 -95.4564 889
216.94 -46.1959 883
216.94 -46.1959 883
216.94 -46.1959 883
219.529 -49.9716 882
260.944 -81.6873 885
261.885 -82.6415 885
259.998 -81.6915 885
260.296 -80.8242 886
224.944 -55.6434 881
225.887 -56.5977 881
229.658 -60.4134 881
228.716 -59.4597 881
212.204 -40.4451 883
213.393 -41.4504 884
245.385 -73.6562 880
246.887 -73.8199 882
243.227 -72.6266 879
245.385 -73.6562 880
269.074 -89.5183 887
219.082 -48.1656 884
219.082 -48.1656 884
219.082 -48.1656 884
221.227 -50.1392 885
220.475 -50.9278 882
222.365 -52.8397 882
223.31 -53.7954 882
223.31 -53.7954 882
265.952 -85.5953 886
268.132 -88.5631 887
224.944 -55.6434 881
224.944 -55.6434 881
260.944 -81.6873 885
264.069 -83.6857 886
268.132 -88.5631 887
215.291 -43.369 884
216.94 -46.1959 883
255.938 -78.7429 884
254.997 -77.7891 884
257.173 -78.828 885
264.069 -83.6857 886
265.31 -84.7361 887
257.173 -78.828 885
258.407 -79.8728 886
207.936 -37.4857 881
210.307 -38.5279 883
265.31 -84.7361 887
214.342 -42.4098 884
215.291 -43.369 884
216.94 -46.1959 883
216.94 -46.1959 883
212.204 -40.4451 883
214.342 -42.4098 884
214.342 -42.4098 884
192.757 -113.801 837
193.647 -115.609 837
194.538 -117.417 837
194.548 -115.604 837
195.21 -116.366 836
181.871 -58.9055 844
184.607 -57.0617 844
214.368 -83.1437 840
217.331 -83.2307 841
216.171 -83.1358 840
202.759 -38.9603 871
233.824 -107.995 836
235.905 -106.303 837
235.607 -108.888 836
237.39 -109.782 836
199.459 -126.751 839
199.686 -128.719 840
201.485 -129.616 840
201.485 -129.616 840
202.812 -128.39 838
199.481 -131.008 843
199.712 -132.076 844
188.582 -93.0605 838
185.183 -95.0093 839
183.851 -86.1129 841
183.855 -85.1994 841
187.257 -85.0832 840
218.529 -73.8952 849
183.563 -101.511 840
170.757 -82.2797 848
206.026 -43.5898 869
203.449 -44.3851 866
233.409 -70.7196 867
234.335 -71.6564 867
232.867 -71.4946 865
258.65 -93.2596 868
248.147 -81.2822 870
250.227 -80.7049 874
249.65 -81.465 872
255.169 -85.5149 875
189.177 -134.355 858
271.899 -92.3832 887
271.899 -92.3832 887
271.899 -92.3832 887
273.46 -92.5867 889
274.404 -93.5434 889
233.427 -64.227 881
233.567 -65.9109 878
235.309 -66.1329 881
235.982 -67.0095 880
237.592 -68.8341 879
237.592 -68.8341 879
240.41 -70.7308 879
237.592 -68.8341 879
231.014 -63.1332 879
230.601 -61.367 881
231.543 -62.3205 881
234.368 -65.18 881
205.92 -128.06 836
205.92 -128.06 836
206.576 -126.998 835
243.941 -105.733 840
240.96 -105.623 839
188.525 -104.878 838
189.219 -101.118 837
189.224 -100.21 837
190.138 -97.482 837
184.098 -128.185 860
184.804 -128.96 859
184.594 -127.881 858
225.372 -57.4239 879
224 -54.689 881
226.055 -58.3094 878
226.995 -59.2601 878
226.055 -58.3094 878
230.074 -62.182 879
226.995 -59.2601 878
227.773 -58.5058 881
230.601 -61.367 881
229.658 -60.4134 881
224.944 -55.6434 881
224 -54.689 881
224 -54.689 881
224 -54.689 881
228.716 -59.4597 881
228.716 -59.4597 881
238.881 -105.508 838
237.69 -107.197 837
237.696 -106.292 837
186.747 -99.4341 838
187.649 -99.4297 838
206.395 -131.085 838
207.047 -130.922 837
206.161 -129.118 837
205.92 -128.06 836
188.731 -108.642 839
187.832 -107.737 839
188.741 -106.823 839
186.933 -106.832 839
203.95 -129.444 839
203.048 -129.45 839
204.368 -128.225 837
198.271 -58.2184 848
197.36 -57.2991 848
180.965 -57.0715 844
180.054 -57.074 844
181.885 -53.3958 844
180.975 -53.398 844
180.064 -53.4003 844
170.74 -86.8885 848
169.827 -85.9704 848
168.197 -85.1559 849
247.388 -87.8936 861
228.349 -61.9727 876
213.412 -95.9928 833
202.78 -121.456 834
206.116 -121.288 833
203.006 -124.312 835
203.244 -125.365 836
217.512 -95.3002 835
215.462 -95.1952 834
200.337 -120.715 835
201.223 -122.516 835
201.453 -124.472 836
200.56 -123.573 836
202.115 -123.414 835
227.934 -60.2106 878
168.564 -71.0512 846
166.017 -71.1439 847
164.91 -70.1422 846
165.827 -69.2188 846
169.097 -64.452 844
171.64 -60.6981 843
169.813 -62.5381 843
168.188 -63.536 844
173.468 -57.9407 843
174.381 -57.0208 843
173.468 -57.9407 843
189.427 -104.874 838
231.757 -107.877 835
232.645 -108.774 835
185.36 -104.236 840
220.932 -85.0383 841
222.102 -84.2224 842
234.571 -88.4474 848
245.729 -103.37 843
246.326 -105.063 842
204.76 -54.1022 856
244.526 -99.9698 845
249.303 -97.0958 852
249.006 -97.9026 851
200.405 -140.538 851
210.691 -48.3039 869
210.691 -48.3039 869
242.102 -78.9605 865
163.264 -72.9958 847
164.18 -72.9929 847
196.716 -146.538 859
157.947 -74.9451 848
206.72 -45.4255 868
265.081 -93.2584 877
275.347 -94.5 889
274.404 -93.5434 889
275.347 -94.5 889
275.347 -94.5 889
273.46 -92.5867 889
273.46 -92.5867 889
201.688 -125.526 837
170.727 -61.6181 843
170.729 -60.7006 843
214.296 -97.7934 833
199.444 -119.816 835
200.102 -119.667 834
198.652 -100.827 835
199.55 -100.822 835
202.252 -98.9979 835
192.967 -117.567 838
204.794 -125.204 835
235.015 -105.403 837
234.119 -105.408 837
211.262 -134.349 836
212.159 -134.343 836
201.609 -96.4018 836
203.087 -133.719 843
209.48 -132.555 836
208.826 -133.624 837
206.629 -133.055 839
206.487 -141.49 846
206.724 -142.572 847
213.203 -131.149 833
214.738 -130.08 832
214.115 -128.442 833
192.318 -63.3121 842
192.315 -64.2274 842
193.826 -78.3873 837
193.822 -79.2963 837
194.72 -80.2016 837
205.757 -82.9811 838
219.494 -87.5688 839
193.853 -120.284 838
227.766 -88.8654 843
201.682 -126.432 837
201.017 -127.495 838
231.643 -90.7818 844
230.744 -89.872 844
235.811 -91.8951 846
212.559 -132.213 834
244.833 -102.464 843
247.524 -104.271 843
247.524 -104.271 843
189.531 -82.1393 838
192.907 -82.9354 837
208.715 -81.2478 839
221.199 -84.2265 842
222.369 -83.4085 843
224.717 -81.7659 845
226.797 -81.8547 846
226.789 -83.6889 846
200.405 -140.538 851
202.922 -144.712 854
204.477 -142.928 849
204.477 -142.928 849
243.335 -99.8566 844
247.82 -100.191 847
188.61 -86.6929 838
188.842 -84.9744 839
220.611 -73.9751 850
233.667 -87.5331 848
239.668 -89.5544 850
247.212 -99.3972 848
249.019 -100.304 848
182.796 -53.3934 844
176.408 -58.0022 844
176.406 -58.9206 844
176.41 -57.0837 844
210.639 -52.7807 865
174.52 -107.258 849
234.791 -83.33 852
235.703 -83.3259 852
246.471 -86.9656 861
205.522 -47.9791 863
171.667 -84.1199 848
170.751 -84.1234 848
182.98 -116.006 846
232.894 -78.0749 855
237.66 -79.3557 859
239.491 -81.2096 859
239.135 -79.5365 861
170.006 -91.6075 849
240.126 -82.0408 858
197.204 -142.486 857
198.351 -143.573 858
199.041 -143.4 857
201.328 -143.97 855
201.328 -143.97 855
166.011 -72.987 847
166.014 -72.0655 847
165.096 -72.99 847
170.017 -88.8399 849
247.388 -87.8936 861
164.365 -75.8469 848
165.285 -74.9213 848
211.377 -50.1333 868
212.553 -51.1333 869
211.377 -50.1333 868
239.976 -77.9406 864
249.47 -86.4241 865
163.267 -72.0742 847
213.733 -51.1898 870
231.554 -69.7857 867
160.522 -71.161 847
227.3 -63.5831 872
228.233 -64.5267 872
261.381 -92.008 874
229.431 -64.5975 873
263.543 -93.0505 875
265.401 -94.9339 875
266.012 -94.2022 877
262.309 -92.9489 874
156.082 -83.749 853
155.905 -81.7971 852
154.983 -81.8002 852
256.772 -89.8255 871
257.698 -90.7636 871
266.943 -95.146 877
195.119 -143.003 860
196.038 -143.926 860
195.119 -143.003 860
150.72 -82.937 854
149.795 -82.9401 854
228.349 -61.9727 876
196.709 -147.466 859
271.899 -92.3832 887
271.899 -92.3832 887
269.707 -91.3301 886
271.899 -92.3832 887
274.722 -95.2466 887
276.289 -95.4564 889
270.648 -92.2838 886
269.707 -91.3301 886
271.263 -91.5315 888
271.263 -91.5315 888
247.827 -74.7723 882
274.404 -93.5434 889
276.289 -95.4564 889
199.25 -129.942 842
201.251 -128.555 839
200.588 -128.714 840
199.917 -129.782 841
201.054 -130.841 842
186.061 -100.467 839
231.016 -70.5632 865
271.263 -91.5315 888
191.017 -102.017 837
191.022 -101.109 837
191.031 -99.2935 837
195.744 -59.855 845
177.317 -58.9181 844
180.059 -55.2372 844
250.097 -88.1909 864
250.097 -88.1909 864
200.56 -123.573 836
202.12 -122.511 835
166.933 -71.141 847
163.995 -70.1451 846
166.55 -67.2952 845
166.553 -66.3755 845
162.168 -69.2299 846
167.273 -64.4572 844
167.273 -64.4572 844
173.461 -60.693 843
170.012 -63.5308 844
174.383 -56.1033 843
211.514 -65.7042 850
203.665 -123.255 834
222.724 -56.2818 876
163.813 -100.304 860
163.073 -100.424 861
193.034 -52.7629 849
210.686 -62.3091 854
164.19 -101.473 862
219.082 -48.1656 884
231.543 -62.3205 881
229.658 -60.4134 881
188.039 -133.276 857
186.639 -131.739 859
216.94 -46.1959 883
224 -54.689 881
253.895 -81.9196 877
256.053 -83.9065 878
172.192 -112.122 865
172.326 -111.599 861
259.354 -79.8687 886
208.655 -136.832 840
274.404 -93.5434 889
167.985 -88.7425 848
150.894 -83.9644 855
202.922 -144.712 854
258.407 -79.8728 886
273.46 -92.5867 889
198.076 -149.887 857
232.055 -113.918 833
208.655 -136.832 840
203.688 -88.3386 837
183.238 -49.8375 846
262.337 -96.996 868
252.961 -80.9737 877
232.485 -63.2738 881
203.316 -135.703 844
229.99 -114.692 832
261.727 -97.7092 866
220.341 -55.2091 874
190.334 -103.961 838
197.854 -51.2068 854
256.349 -83.0501 879
246.998 -82.7849 866
235.982 -67.0095 880
264.069 -83.6857 886
193.95 -43.9393 857
