40.3204 -78.9319 263.926 
40.3204 -78.9319 263.926 
40.3204 -78.9319 263.926 
40.3204 -78.9319 263.926 
40.3204 -78.9319 263.926 
40.3204 -78.9319 263.926 
40.3204 -78.9319 263.926 
40.3204 -78.9319 263.926 
41.6527 -74.9315 264.464 
41.6527 -74.9315 264.464 
41.6527 -74.9315 264.464 
41.6527 -74.9315 264.464 
37.7139 -73.9102 264.243 
37.9517 -67.919 264.52 
37.9517 -67.919 264.52 
37.9517 -67.919 264.52 
37.9517 -67.919 264.52 
37.9517 -67.919 264.52 
37.9517 -67.919 264.52 
37.004 -62.7975 264.474 
42.4862 -63.8866 265.023 
42.4862 -63.8866 265.023 
42.4862 -63.8866 265.023 
41.1075 -58.2445 264.919 
41.1075 -58.2445 264.919 
41.1075 -58.2445 264.919 
41.1075 -58.2445 264.919 
41.1075 -58.2445 264.919 
41.1075 -58.2445 264.919 
38.4724 -53.3487 264.693 
38.4724 -53.3487 264.693 
38.4724 -53.3487 264.693 
40.7098 -48.7593 264.978 
40.7098 -48.7593 264.978 
40.7098 -48.7593 264.978 
40.7098 -48.7593 264.978 
40.7098 -48.7593 264.978 
40.7098 -48.7593 264.978 
41.1585 -45.5528 265.219 
41.1585 -45.5528 265.219 
41.1585 -45.5528 265.219 
41.0313 -42.4785 265.34 
41.0313 -42.4785 265.34 
41.0313 -42.4785 265.34 
41.0313 -42.4785 265.34 
39.3789 -38.0805 265.211 
39.3789 -38.0805 265.211 
43.0508 -34.5104 265.332 
43.0508 -34.5104 265.332 
43.0508 -34.5104 265.332 
43.0508 -34.5104 265.332 
38.2571 -31.6843 264.76 
41.8629 -28.4511 264.717 
41.8629 -28.4511 264.717 
41.8629 -28.4511 264.717 
41.8629 -28.4511 264.717 
41.8629 -28.4511 264.717 
41.8629 -28.4511 264.717 
41.8629 -28.4511 264.717 
40.9988 -21.7969 264.575 
40.9988 -21.7969 264.575 
40.9988 -21.7969 264.575 
40.9988 -21.7969 264.575 
40.9988 -21.7969 264.575 
40.9988 -21.7969 264.575 
40.3101 -17.9859 264.481 
40.3101 -17.9859 264.481 
40.3101 -17.9859 264.481 
40.3101 -17.9859 264.481 
39.5443 -13.9994 264.271 
39.5443 -13.9994 264.271 
39.5443 -13.9994 264.271 
40.4616 -10.0807 264.12 
40.4616 -10.0807 264.12 
40.4616 -10.0807 264.12 
40.4616 -10.0807 264.12 
41.2294 -6.35596 263.969 
41.2294 -6.35596 263.969 
41.2294 -6.35596 263.969 
41.2294 -6.35596 263.969 
42.0747 -2.74238 263.834 
42.0747 -2.74238 263.834 
42.0747 -2.74238 263.834 
42.0747 -2.74238 263.834 
42.0747 -2.74238 263.834 
42.6486 0.888094 263.698 
42.6486 0.888094 263.698 
42.6486 0.888094 263.698 
42.6486 0.888094 263.698 
37.2422 4.62873 263.337 
37.2422 4.62873 263.337 
37.2422 4.62873 263.337 
43.4512 6.99894 263.588 
43.4512 6.99894 263.588 
38.059 11.1815 263.235 
38.059 11.1815 263.235 
38.059 11.1815 263.235 
38.059 11.1815 263.235 
38.059 11.1815 263.235 
38.059 11.1815 263.235 
38.8884 17.3766 263.108 
38.8884 17.3766 263.108 
38.8884 17.3766 263.108 
38.8884 17.3766 263.108 
38.8884 17.3766 263.108 
38.8884 17.3766 263.108 
39.7901 23.4919 262.865 
39.7901 23.4919 262.865 
39.7901 23.4919 262.865 
39.7901 23.4919 262.865 
39.7901 23.4919 262.865 
39.7901 23.4919 262.865 
42.2185 27.4626 262.657 
42.2185 27.4626 262.657 
42.2185 27.4626 262.657 
38.0841 28.8708 262.569 
43.1044 31.6733 262.423 
43.1044 31.6733 262.423 
43.1044 31.6733 262.423 
43.1044 31.6733 262.423 
37.4072 34.1234 262.358 
37.4072 34.1234 262.358 
42.7553 37.6273 262.328 
42.7553 37.6273 262.328 
42.7553 37.6273 262.328 
42.7553 37.6273 262.328 
41.1413 41.682 262.242 
41.1413 41.682 262.242 
41.1413 41.682 262.242 
41.1413 41.682 262.242 
41.1413 41.682 262.242 
40.6805 46.394 262.025 
40.6805 46.394 262.025 
40.6805 46.394 262.025 
40.6805 46.394 262.025 
40.6805 46.394 262.025 
40.6805 46.394 262.025 
44.6273 51.894 261.984 
44.6273 51.894 261.984 
44.6273 51.894 261.984 
44.6273 51.894 261.984 
44.6273 51.894 261.984 
41.7941 55.1861 261.781 
41.7941 55.1861 261.781 
44.1236 57.93 261.733 
44.1236 57.93 261.733 
44.1236 57.93 261.733 
44.1236 57.93 261.733 
44.1236 57.93 261.733 
48.697 62.0323 261.537 
48.697 62.0323 261.537 
42.549 64.4053 261.063 
42.549 64.4053 261.063 
42.549 64.4053 261.063 
48.0808 69.0115 260.729 
48.0808 69.0115 260.729 
48.0808 69.0115 260.729 
48.0808 69.0115 260.729 
48.0808 69.0115 260.729 
46.303 72.959 260.247 
46.303 72.959 260.247 
46.303 72.959 260.247 
46.303 72.959 260.247 
48.985 74.8242 260.132 
48.985 74.8242 260.132 
48.985 74.8242 260.132 
48.89 79.3855 259.613 
48.89 79.3855 259.613 
48.89 79.3855 259.613 
48.89 79.3855 259.613 
49.0691 82.484 259.378 
49.0691 82.484 259.378 
49.0691 82.484 259.378 
49.0691 82.484 259.378 
49.6785 85.707 259.211 
49.6785 85.707 259.211 
49.6785 85.707 259.211 
49.6785 85.707 259.211 
49.6785 85.707 259.211 
45.0465 90.0342 258.796 
45.0465 90.0342 258.796 
45.0465 90.0342 258.796 
48.1382 95.5255 258.534 
48.1382 95.5255 258.534 
48.1382 95.5255 258.534 
48.1382 95.5255 258.534 
48.1382 95.5255 258.534 
48.1382 95.5255 258.534 
48.1382 95.5255 258.534 
44.7812 100.901 258.311 
44.7812 100.901 258.311 
44.7812 100.901 258.311 
44.7812 100.901 258.311 
48.0252 106.016 257.935 
48.0252 106.016 257.935 
48.0252 106.016 257.935 
48.0252 106.016 257.935 
48.0252 106.016 257.935 
48.0252 106.016 257.935 
45.2803 111.509 257.64 
45.2803 111.509 257.64 
45.2803 111.509 257.64 
45.2803 111.509 257.64 
45.2803 111.509 257.64 
45.2803 111.509 257.64 
45.2803 111.509 257.64 
42.8057 117.256 257.311 
42.8057 117.256 257.311 
42.8057 117.256 257.311 
42.8057 117.256 257.311 
42.8057 117.256 257.311 
46.4192 122.321 257.076 
46.4192 122.321 257.076 
46.4192 122.321 257.076 
46.4192 122.321 257.076 
46.4192 122.321 257.076 
46.4192 122.321 257.076 
43.7872 128.518 257.027 
43.7872 128.518 257.027 
43.7872 128.518 257.027 
43.7872 128.518 257.027 
43.7872 128.518 257.027 
43.7872 128.518 257.027 
43.7872 128.518 257.027 
43.9551 133.749 257.258 
43.9551 133.749 257.258 
43.9551 133.749 257.258 
43.9551 133.749 257.258 
43.9551 133.749 257.258 
43.2312 138.787 257.577 
43.2312 138.787 257.577 
43.2312 138.787 257.577 
43.2312 138.787 257.577 
43.2312 138.787 257.577 
43.2312 138.787 257.577 
45.8407 143.993 257.477 
45.8407 143.993 257.477 
45.8407 143.993 257.477 
43.3435 148.816 257.627 
43.3435 148.816 257.627 
43.3435 148.816 257.627 
43.3435 148.816 257.627 
43.3435 148.816 257.627 
43.3435 148.816 257.627 
43.3435 148.816 257.627 
46.6042 153.476 257.082 
46.6042 153.476 257.082 
46.6042 153.476 257.082 
43.1585 158.523 257.319 
43.1585 158.523 257.319 
43.1585 158.523 257.319 
43.1585 158.523 257.319 
43.1585 158.523 257.319 
43.1585 158.523 257.319 
45.9282 163.696 256.992 
45.9282 163.696 256.992 
45.9282 163.696 256.992 
45.9282 163.696 256.992 
45.9282 163.696 256.992 
45.9282 163.696 256.992 
48.2893 168.705 256.779 
48.2893 168.705 256.779 
48.2893 168.705 256.779 
48.2893 168.705 256.779 
48.2893 168.705 256.779 
44.0964 173.881 257.329 
44.0964 173.881 257.329 
44.0964 173.881 257.329 
44.0964 173.881 257.329 
44.0964 173.881 257.329 
46.9357 179.045 256.877 
46.9357 179.045 256.877 
46.9357 179.045 256.877 
46.9357 179.045 256.877 
46.9357 179.045 256.877 
46.9357 179.045 256.877 
46.9357 179.045 256.877 
50.064 184.165 256.392 
50.064 184.165 256.392 
50.064 184.165 256.392 
50.064 184.165 256.392 
47.7016 189.547 256.77 
47.7016 189.547 256.77 
47.7016 189.547 256.77 
47.7016 189.547 256.77 
47.7016 189.547 256.77 
47.7016 189.547 256.77 
45.6668 195.001 257.215 
45.6668 195.001 257.215 
45.6668 195.001 257.215 
45.6668 195.001 257.215 
49.2258 198.641 256.732 
49.2258 198.641 256.732 
49.2258 198.641 256.732 
49.2258 198.641 256.732 
44.9248 201.217 257.418 
44.9248 201.217 257.418 
44.9248 201.217 257.418 
47.3781 205.483 257.218 
47.3781 205.483 257.218 
47.3781 205.483 257.218 
47.3781 205.483 257.218 
47.3781 205.483 257.218 
43.837 207.118 257.679 
49.5891 209.917 257.117 
49.5891 209.917 257.117 
44.0018 213.005 258.08 
44.0018 213.005 258.08 
44.0018 213.005 258.08 
44.0018 213.005 258.08 
49.7302 216.365 257.61 
49.7302 216.365 257.61 
43.9995 219.01 258.614 
43.9995 219.01 258.614 
43.9995 219.01 258.614 
43.9995 219.01 258.614 
43.9995 219.01 258.614 
43.9995 219.01 258.614 
44.0418 225.346 258.93 
44.0418 225.346 258.93 
44.0418 225.346 258.93 
44.0418 225.346 258.93 
44.0418 225.346 258.93 
44.0418 225.346 258.93 
44.0418 225.346 258.93 
44.3779 232.366 259.285 
44.3779 232.366 259.285 
44.3779 232.366 259.285 
44.3779 232.366 259.285 
44.3779 232.366 259.285 
44.3779 232.366 259.285 
46.9313 237.557 259.036 
42.4951 239.01 259.52 
42.4951 239.01 259.52 
42.4951 239.01 259.52 
42.4951 239.01 259.52 
42.4951 239.01 259.52 
42.4951 239.01 259.52 
41.4576 245.372 259.593 
41.4576 245.372 259.593 
41.4576 245.372 259.593 
41.4576 245.372 259.593 
41.4576 245.372 259.593 
41.4576 245.372 259.593 
41.4576 245.372 259.593 
41.1555 251.727 259.738 
41.1555 251.727 259.738 
41.1555 251.727 259.738 
41.1555 251.727 259.738 
41.1555 251.727 259.738 
41.1555 251.727 259.738 
35.9792 254.354 260.454 
35.9792 254.354 260.454 
41.184 257.827 259.806 
41.184 257.827 259.806 
36.5095 260.574 260.389 
36.5095 260.574 260.389 
36.5095 260.574 260.389 
36.5095 260.574 260.389 
36.5095 260.574 260.389 
36.5095 260.574 260.389 
36.5095 260.574 260.389 
37.0156 266.564 260.535 
37.0156 266.564 260.535 
37.0156 266.564 260.535 
37.0156 266.564 260.535 
37.0156 266.564 260.535 
31.0853 269.307 261.554 
31.0853 269.307 261.554 
31.0853 269.307 261.554 
36.4222 272.931 260.891 
36.4222 272.931 260.891 
36.4222 272.931 260.891 
34.7185 277.231 261.103 
34.7185 277.231 261.103 
34.7185 277.231 261.103 
34.7185 277.231 261.103 
32.9775 280.197 261.462 
32.9775 280.197 261.462 
32.9775 280.197 261.462 
32.9775 280.197 261.462 
28.5776 282.007 262.288 
28.5776 282.007 262.288 
28.5776 282.007 262.288 
28.5776 282.007 262.288 
28.5776 282.007 262.288 
27.9747 288.973 262.677 
27.9747 288.973 262.677 
27.9747 288.973 262.677 
27.9747 288.973 262.677 
27.9747 288.973 262.677 
28.4835 295.881 262.131 
28.4835 295.881 262.131 
28.4835 295.881 262.131 
28.4835 295.881 262.131 
28.4835 295.881 262.131 
28.4835 295.881 262.131 
27.7686 301.64 261.505 
27.7686 301.64 261.505 
27.7686 301.64 261.505 
27.7686 301.64 261.505 
27.7686 301.64 261.505 
27.7686 301.64 261.505 
22.7765 305.153 262.081 
22.7765 305.153 262.081 
22.7765 305.153 262.081 
22.7765 305.153 262.081 
23.4082 311.152 261.343 
23.4082 311.152 261.343 
23.4082 311.152 261.343 
23.4082 311.152 261.343 
23.4082 311.152 261.343 
23.4082 311.152 261.343 
24.333 316.865 260.072 
24.333 316.865 260.072 
24.333 316.865 260.072 
24.333 316.865 260.072 
24.333 316.865 260.072 
24.333 316.865 260.072 
23.8204 322.585 258.686 
23.8204 322.585 258.686 
23.8204 322.585 258.686 
23.8204 322.585 258.686 
23.8204 322.585 258.686 
23.8204 322.585 258.686 
23.8204 322.585 258.686 
22.565 328.19 258.102 
22.565 328.19 258.102 
22.565 328.19 258.102 
22.565 328.19 258.102 
22.565 328.19 258.102 
22.565 328.19 258.102 
22.565 328.19 258.102 
20.62 333.859 258.017 
20.62 333.859 258.017 
20.62 333.859 258.017 
20.62 333.859 258.017 
20.62 333.859 258.017 
20.62 333.859 258.017 
25.8209 337.57 255.603 
20.1103 339.958 257.245 
20.1103 339.958 257.245 
20.1103 339.958 257.245 
20.1103 339.958 257.245 
24.5742 343.094 255.336 
24.5742 343.094 255.336 
24.5742 343.094 255.336 
24.5742 343.094 255.336 
24.5742 343.094 255.336 
22.9954 348.733 255.4 
22.9954 348.733 255.4 
22.9954 348.733 255.4 
22.9954 348.733 255.4 
22.9954 348.733 255.4 
22.9954 348.733 255.4 
20.2854 351.594 255.988 
20.2854 351.594 255.988 
23.3137 354.992 254.296 
23.3137 354.992 254.296 
23.3137 354.992 254.296 
23.3137 354.992 254.296 
23.3137 354.992 254.296 
19.3183 359.992 255.543 
19.3183 359.992 255.543 
25.3043 361.204 253.143 
25.3043 361.204 253.143 
25.3043 361.204 253.143 
20.8727 366.641 254.692 
20.8727 366.641 254.692 
20.8727 366.641 254.692 
20.8727 366.641 254.692 
20.8727 366.641 254.692 
24.1758 370.059 253.221 
24.1758 370.059 253.221 
24.1758 370.059 253.221 
24.1758 370.059 253.221 
28.3811 371.28 251.936 
28.3811 371.28 251.936 
28.5074 376.379 251.888 
28.5074 376.379 251.888 
28.5074 376.379 251.888 
28.5074 376.379 251.888 
28.5074 376.379 251.888 
28.5074 376.379 251.888 
30.0847 381.941 251.665 
30.0847 381.941 251.665 
30.0847 381.941 251.665 
30.0847 381.941 251.665 
30.0847 381.941 251.665 
30.0847 381.941 251.665 
32.2082 387.733 251.303 
32.2082 387.733 251.303 
32.2082 387.733 251.303 
32.2082 387.733 251.303 
32.2082 387.733 251.303 
32.2082 387.733 251.303 
33.4407 393.805 251.594 
33.4407 393.805 251.594 
33.4407 393.805 251.594 
33.4407 393.805 251.594 
33.4407 393.805 251.594 
39.3752 397.131 250.616 
39.3752 397.131 250.616 
39.3752 397.131 250.616 
39.3752 397.131 250.616 
39.3752 397.131 250.616 
39.3752 397.131 250.616 
39.2085 403.676 251.103 
39.2085 403.676 251.103 
39.2085 403.676 251.103 
39.2085 403.676 251.103 
39.2085 403.676 251.103 
39.2085 403.676 251.103 
39.2085 403.676 251.103 
44.148 408.217 250.21 
44.148 408.217 250.21 
44.148 408.217 250.21 
44.148 408.217 250.21 
44.148 408.217 250.21 
41.6956 414.822 250.967 
41.6956 414.822 250.967 
41.6956 414.822 250.967 
41.6956 414.822 250.967 
41.6956 414.822 250.967 
45.3035 420.038 250.694 
45.3035 420.038 250.694 
45.3035 420.038 250.694 
45.3035 420.038 250.694 
45.3035 420.038 250.694 
45.3035 420.038 250.694 
45.3035 420.038 250.694 
45.3035 420.038 250.694 
48.2011 425.32 250.23 
48.2011 425.32 250.23 
48.2011 425.32 250.23 
48.2011 425.32 250.23 
48.2011 425.32 250.23 
48.2011 425.32 250.23 
45.001 430.517 250.822 
45.001 430.517 250.822 
50.8182 430.246 249.607 
50.8182 430.246 249.607 
50.8182 430.246 249.607 
48.18 434.754 249.96 
48.18 434.754 249.96 
48.18 434.754 249.96 
51.5855 439.338 249.518 
51.5855 439.338 249.518 
51.5855 439.338 249.518 
51.5855 439.338 249.518 
51.5855 439.338 249.518 
51.5855 439.338 249.518 
56.4152 440.427 249.068 
54.8135 445.131 249.252 
54.8135 445.131 249.252 
54.8135 445.131 249.252 
54.8135 445.131 249.252 
54.8135 445.131 249.252 
54.8135 445.131 249.252 
53.4957 448.96 249.223 
53.4957 448.96 249.223 
53.4957 448.96 249.223 
53.4957 448.96 249.223 
56.7171 451.202 248.367 
56.7171 451.202 248.367 
56.7171 451.202 248.367 
54.3004 457.097 248.511 
54.3004 457.097 248.511 
54.3004 457.097 248.511 
54.3004 457.097 248.511 
54.3004 457.097 248.511 
54.3004 457.097 248.511 
57.5134 461.921 247.947 
57.5134 461.921 247.947 
57.5134 461.921 247.947 
55.4498 467.409 248.917 
55.4498 467.409 248.917 
55.4498 467.409 248.917 
55.4498 467.409 248.917 
55.4498 467.409 248.917 
55.4498 467.409 248.917 
59.1282 472.226 248.862 
59.1282 472.226 248.862 
59.1282 472.226 248.862 
59.1282 472.226 248.862 
59.1282 472.226 248.862 
59.5384 475.663 248.911 
59.5384 475.663 248.911 
59.5384 475.663 248.911 
59.5384 475.663 248.911 
59.9711 479.409 248.93 
59.9711 479.409 248.93 
59.9711 479.409 248.93 
59.9711 479.409 248.93 
59.9711 479.409 248.93 
62.2261 485.411 248.958 
62.2261 485.411 248.958 
62.2261 485.411 248.958 
62.2261 485.411 248.958 
62.2261 485.411 248.958 
62.2261 485.411 248.958 
62.1136 489.134 248.784 
62.1136 489.134 248.784 
62.1136 489.134 248.784 
62.1136 489.134 248.784 
62.1136 489.134 248.784 
61.9019 493.316 248.42 
61.9019 493.316 248.42 
61.9019 493.316 248.42 
61.9019 493.316 248.42 
61.9019 493.316 248.42 
65.6076 498.275 247.605 
60.4482 499.599 248.14 
60.4482 499.599 248.14 
60.4482 499.599 248.14 
60.4482 499.599 248.14 
64.5073 504.527 247.288 
64.5073 504.527 247.288 
64.5073 504.527 247.288 
64.5073 504.527 247.288 
63.8344 508.079 247.257 
63.8344 508.079 247.257 
63.8344 508.079 247.257 
63.8344 508.079 247.257 
63.0051 512.168 247.418 
63.0051 512.168 247.418 
63.0051 512.168 247.418 
63.0051 512.168 247.418 
65.3698 517.303 247.627 
65.3698 517.303 247.627 
65.3698 517.303 247.627 
65.3698 517.303 247.627 
65.3698 517.303 247.627 
67.5349 522.014 247.745 
67.5349 522.014 247.745 
67.5349 522.014 247.745 
67.5349 522.014 247.745 
67.5349 522.014 247.745 
64.0687 524.64 248.278 
64.0687 524.64 248.278 
67.1795 528.223 247.847 
67.1795 528.223 247.847 
67.1795 528.223 247.847 
67.1795 528.223 247.847 
67.1795 528.223 247.847 
67.1795 528.223 247.847 
68.9691 532.918 247.558 
68.9691 532.918 247.558 
68.9691 532.918 247.558 
68.9691 532.918 247.558 
68.9691 532.918 247.558 
66.6788 538.349 247.81 
66.6788 538.349 247.81 
66.6788 538.349 247.81 
66.6788 538.349 247.81 
66.6788 538.349 247.81 
66.6788 538.349 247.81 
66.6788 538.349 247.81 
65.0616 544.401 247.727 
65.0616 544.401 247.727 
65.0616 544.401 247.727 
65.0616 544.401 247.727 
65.0616 544.401 247.727 
65.0616 544.401 247.727 
65.0616 544.401 247.727 
69.1551 548.43 245.234 
69.1551 548.43 245.234 
69.1551 548.43 245.234 
69.1551 548.43 245.234 
69.1551 548.43 245.234 
69.1551 548.43 245.234 
67.7132 554.362 244.04 
67.7132 554.362 244.04 
67.7132 554.362 244.04 
67.7132 554.362 244.04 
67.7132 554.362 244.04 
67.7132 554.362 244.04 
67.7132 554.362 244.04 
67.7132 554.362 244.04 
67.7132 554.362 244.04 
66.8968 560.173 242.233 
66.8968 560.173 242.233 
66.8968 560.173 242.233 
66.8968 560.173 242.233 
66.8968 560.173 242.233 
66.8968 560.173 242.233 
66.8968 560.173 242.233 
66.8968 560.173 242.233 
66.8968 560.173 242.233 
66.8968 560.173 242.233 
66.1547 565.565 239.762 
66.1547 565.565 239.762 
66.1547 565.565 239.762 
66.1547 565.565 239.762 
66.1547 565.565 239.762 
66.1547 565.565 239.762 
66.1547 565.565 239.762 
66.1547 565.565 239.762 
66.1547 565.565 239.762 
66.1547 565.565 239.762 
66.1547 565.565 239.762 
66.1547 565.565 239.762 
66.1547 565.565 239.762 
66.1547 565.565 239.762 
66.1547 565.565 239.762 
69.6927 568.197 234.921 
69.6927 568.197 234.921 
69.6927 568.197 234.921 
69.6927 568.197 234.921 
69.6927 568.197 234.921 
69.6927 568.197 234.921 
69.6927 568.197 234.921 
64.6956 570.235 236.922 
64.6956 570.235 236.922 
64.6956 570.235 236.922 
64.6956 570.235 236.922 
64.6956 570.235 236.922 
67.8635 572.519 231.883 
67.8635 572.519 231.883 
67.8635 572.519 231.883 
67.8635 572.519 231.883 
67.8635 572.519 231.883 
67.8635 572.519 231.883 
67.8635 572.519 231.883 
67.8635 572.519 231.883 
67.8635 572.519 231.883 
67.8635 572.519 231.883 
71.4636 574.818 226.622 
71.4636 574.818 226.622 
71.4636 574.818 226.622 
71.4636 574.818 226.622 
71.4636 574.818 226.622 
71.4636 574.818 226.622 
71.4636 574.818 226.622 
65.872 576.517 228.994 
65.872 576.517 228.994 
69.3163 578.736 223.623 
69.3163 578.736 223.623 
69.3163 578.736 223.623 
69.3163 578.736 223.623 
69.3163 578.736 223.623 
69.3163 578.736 223.623 
69.3163 578.736 223.623 
69.3163 578.736 223.623 
69.3163 578.736 223.623 
69.3163 578.736 223.623 
66.183 582.63 221.029 
66.183 582.63 221.029 
66.183 582.63 221.029 
66.183 582.63 221.029 
66.183 582.63 221.029 
71.3429 591.229 209.099 
71.3557 593.72 207.191 
71.3557 593.72 207.191 
71.3557 593.72 207.191 
71.3557 593.72 207.191 
71.3557 593.72 207.191 
71.3557 593.72 207.191 
71.3557 593.72 207.191 
71.3557 593.72 207.191 
71.3557 593.72 207.191 
71.3557 593.72 207.191 
71.3557 593.72 207.191 
71.3557 593.72 207.191 
71.3557 593.72 207.191 
71.3557 593.72 207.191 
71.3557 593.72 207.191 
71.3557 593.72 207.191 
75.3929 593.97 204.895 
75.3929 593.97 204.895 
75.3929 593.97 204.895 
75.3929 593.97 204.895 
75.3929 593.97 204.895 
75.3929 593.97 204.895 
75.3929 593.97 204.895 
75.3929 593.97 204.895 
75.3929 593.97 204.895 
75.3929 593.97 204.895 
75.3929 593.97 204.895 
75.3929 593.97 204.895 
75.3929 593.97 204.895 
75.3929 593.97 204.895 
